4000
56 867
243 735
244 604
544 724
152 234
143 322
284 566
415 543
615 638
23 878
345 663
614 708
46 287
694 841
252 881
154 558
249 965
410 934
595 655
280 467
47 648
403 890
658 830
145 674
514 980
271 555
179 841
718 936
398 510
76 773
449 713
221 846
91 398
176 584
50 394
25 211
589 841
47 728
432 805
198 626
337 670
475 961
668 789
187 402
748 794
482 869
313 572
268 480
205 878
645 993
674 919
39 261
97 175
484 763
509 574
365 579
213 931
159 160
14 329
58 104
196 509
615 803
151 847
261 657
231 234
274 972
380 602
445 542
562 888
75 998
242 842
194 564
495 816
182 352
176 296
205 649
504 622
296 757
216 949
484 721
293 372
322 431
809 984
388 865
376 720
111 668
100 788
737 828
746 960
413 451
540 922
209 306
219 603
458 972
700 999
156 866
702 887
196 686
158 430
65 977
509 995
402 454
346 552
164 651
253 787
252 529
429 865
130 863
511 595
398 745
461 700
454 855
98 786
115 645
361 450
481 787
140 487
146 820
264 313
370 524
444 897
501 656
388 842
37 477
603 812
179 309
651 777
411 491
141 997
265 390
678 865
233 740
349 720
649 979
152 977
244 424
130 662
330 960
309 597
11 790
338 608
442 447
239 825
409 980
660 918
209 454
650 958
348 443
80 236
167 282
76 516
302 594
193 500
354 914
143 572
120 467
79 377
166 345
164 376
751 992
351 556
213 519
690 838
429 855
1 908
81 608
280 649
84 788
55 521
331 760
480 751
527 947
420 979
292 509
894 932
44 104
90 263
345 816
161 998
42 858
598 710
102 708
132 979
700 830
500 794
290 516
171 518
293 734
24 578
90 329
373 563
352 491
39 504
745 899
319 482
194 353
469 747
651 866
791 830
144 299
187 890
61 699
419 458
240 436
31 200
603 977
388 508
71 540
174 735
513 649
144 846
12 761
486 690
495 628
380 541
461 659
89 529
25 463
492 597
757 762
156 826
373 859
340 652
448 481
229 970
351 733
476 555
368 422
268 663
570 804
242 623
187 763
125 817
382 622
577 986
736 866
87 522
3 594
54 742
167 300
534 923
406 574
26 738
104 830
513 833
236 570
364 918
272 881
370 732
133 211
44 699
448 457
386 500
403 639
198 732
732 811
731 779
276 927
527 847
568 599
39 885
56 321
115 998
718 729
58 157
432 621
340 965
156 800
413 440
261 447
627 967
767 970
991 992
355 858
219 784
338 792
93 668
849 866
613 699
201 617
820 989
827 973
669 882
398 520
444 768
14 617
132 142
25 814
234 309
505 650
190 832
286 787
277 523
247 833
230 492
164 775
630 835
52 784
833 894
96 612
710 915
81 342
73 588
697 824
145 800
894 960
417 672
388 768
429 593
158 230
84 193
150 981
385 636
530 981
196 603
236 825
145 615
146 296
295 809
175 421
862 945
559 567
23 549
400 540
386 927
44 685
23 123
38 664
69 508
305 451
122 835
107 622
293 649
428 522
324 569
850 987
77 927
124 149
401 956
393 593
42 317
448 698
82 467
268 430
389 864
10 466
647 715
246 329
298 859
93 924
103 267
174 858
230 668
249 543
308 333
768 958
62 791
786 946
310 991
615 904
628 877
788 798
566 700
410 951
16 125
198 717
80 824
379 859
279 450
12 787
398 517
298 531
238 834
181 585
169 966
311 965
388 700
753 829
6 393
334 722
103 753
299 415
107 977
107 783
628 647
234 819
316 702
730 926
242 308
9 994
407 900
25 737
296 970
86 236
29 664
150 182
352 603
487 963
242 914
942 957
778 897
111 308
486 815
470 970
216 893
77 742
355 736
761 942
144 432
151 399
63 346
190 813
594 899
78 931
409 834
276 846
45 843
645 823
451 530
304 376
674 695
207 566
520 803
76 969
776 792
814 863
364 931
747 764
47 321
264 818
160 580
299 991
187 392
599 787
595 775
217 719
592 973
603 913
586 767
264 343
690 996
344 388
79 649
409 629
429 665
622 866
766 897
433 818
101 414
12 726
155 217
348 696
205 855
16 601
811 843
595 766
600 696
941 964
196 823
85 980
176 247
585 974
385 740
354 622
500 622
535 601
574 652
513 612
318 956
784 967
555 831
815 844
150 175
356 360
491 575
196 645
297 848
264 795
892 926
118 831
236 674
315 626
103 114
196 428
107 800
322 657
438 555
131 936
353 393
222 990
388 747
10 299
453 838
669 687
115 823
62 151
804 961
21 548
436 792
656 919
414 849
419 865
285 913
344 885
450 718
630 922
148 170
73 398
71 305
355 885
111 872
130 585
170 320
521 830
417 534
188 823
134 972
87 166
757 893
722 859
62 966
436 985
423 901
639 661
146 504
107 391
65 563
170 881
881 960
246 643
161 253
439 966
452 718
99 919
201 878
595 881
317 526
703 893
1 753
826 848
61 992
728 906
187 232
228 858
24 926
439 520
107 767
11 586
364 834
585 621
803 859
431 660
101 519
16 426
442 995
156 927
353 489
206 926
490 798
730 795
263 972
228 635
700 836
293 587
123 445
228 945
100 805
200 287
791 935
191 855
198 435
244 684
102 542
263 462
220 870
36 133
383 444
432 991
557 885
253 481
297 785
239 605
436 728
384 490
21 529
488 835
419 946
572 829
338 898
30 116
765 832
798 815
184 959
262 541
157 660
615 930
550 634
513 541
447 815
961 989
212 424
315 558
617 922
169 1000
160 660
86 794
190 722
21 196
905 979
573 617
457 619
606 892
365 783
761 810
167 605
26 205
630 750
367 388
322 515
655 686
273 699
203 925
758 965
160 481
649 847
196 612
18 59
799 834
191 737
154 676
661 876
37 737
517 766
15 946
382 561
675 860
140 290
58 794
107 830
495 603
544 996
728 796
608 818
139 737
361 442
60 473
245 352
43 840
254 875
160 559
37 561
65 456
89 444
276 929
156 338
141 506
35 970
368 532
226 420
196 733
348 899
7 397
130 449
795 877
408 854
767 786
847 994
639 825
570 642
351 645
357 496
98 304
166 667
553 783
890 951
163 837
30 159
668 692
306 483
72 555
69 937
253 768
286 751
353 879
315 388
459 514
45 669
889 913
74 407
108 154
107 955
95 665
650 913
879 891
243 788
22 329
672 746
242 838
29 289
595 1000
78 549
80 760
56 75
696 948
591 777
187 325
133 733
125 410
180 483
154 794
199 299
722 813
415 606
132 811
584 985
373 838
842 855
245 696
718 965
369 420
104 470
75 325
237 902
263 981
12 393
427 498
58 480
127 865
85 573
82 438
70 160
527 779
293 800
237 602
813 939
421 514
221 878
562 739
110 978
356 755
174 828
486 948
851 958
8 298
40 268
589 728
245 311
622 913
905 972
298 399
430 528
684 909
140 141
154 810
551 642
538 872
652 966
349 663
155 447
335 577
715 905
246 289
525 908
174 664
369 590
407 781
61 491
441 569
661 909
14 483
74 890
402 894
156 290
352 983
547 645
114 975
94 481
83 691
95 513
552 604
77 572
114 393
645 787
870 894
90 209
515 711
40 520
92 540
706 934
20 542
815 987
245 346
336 788
141 878
388 470
256 368
67 747
704 840
98 506
594 815
260 573
235 261
181 477
303 477
483 879
55 322
459 495
595 710
361 615
98 168
854 887
72 600
873 989
316 451
515 539
268 682
42 561
55 303
751 954
245 594
423 622
533 621
596 738
44 635
426 495
321 592
458 919
353 506
837 925
181 823
231 801
845 928
84 262
516 967
538 648
638 970
637 945
11 459
108 958
65 791
186 747
544 958
198 801
612 617
252 674
60 99
468 568
242 523
157 237
90 995
282 677
76 547
687 998
796 934
89 156
321 573
367 975
376 840
572 981
838 979
229 950
542 612
281 506
31 289
11 86
537 844
364 991
336 422
221 782
9 398
60 240
120 261
77 364
107 205
768 838
608 967
802 929
654 815
626 769
830 999
223 924
357 741
703 768
529 696
155 299
597 751
615 764
249 444
268 726
121 170
184 674
409 450
843 975
333 909
187 699
164 855
194 456
29 865
493 792
612 722
233 868
517 571
265 446
428 537
16 365
164 897
712 784
302 965
87 271
132 826
648 740
413 540
483 943
665 817
698 938
454 710
338 659
332 382
144 632
127 736
358 514
33 757
818 844
441 626
2 96
68 428
299 653
96 645
382 398
628 798
48 186
126 656
543 702
208 555
512 933
853 898
628 963
173 710
375 406
234 915
157 513
317 346
452 721
225 654
619 686
68 961
569 888
315 866
92 552
176 191
454 746
65 783
77 124
609 674
266 772
59 834
367 571
613 995
242 944
486 906
521 615
75 654
815 977
470 836
190 854
467 899
389 746
98 569
135 454
384 468
234 416
53 57
182 414
649 671
888 931
578 944
69 909
822 960
115 415
518 572
351 545
410 770
795 834
238 517
152 217
81 680
545 667
145 826
171 985
96 722
24 161
156 813
628 924
581 999
145 890
161 652
270 859
314 645
61 362
237 524
65 625
252 965
388 883
131 946
12 359
73 96
173 467
186 608
358 602
492 814
578 603
56 739
230 643
445 859
133 169
310 361
748 767
554 925
131 954
85 211
619 949
22 979
575 625
311 353
550 843
371 931
268 750
427 594
37 42
709 986
205 247
919 971
665 1000
908 944
99 679
517 696
497 606
117 123
422 565
230 487
608 839
84 119
354 488
70 267
248 702
34 889
219 855
82 262
229 701
95 462
130 452
61 133
161 336
308 486
71 190
240 843
173 687
222 484
466 978
281 550
67 458
400 991
191 885
132 205
246 532
506 674
199 777
166 373
890 969
388 996
313 883
7 748
77 334
568 655
187 335
211 411
232 352
520 715
159 265
267 544
280 666
224 253
252 847
228 489
107 564
523 675
377 732
24 639
42 517
391 794
346 394
205 774
143 936
664 942
336 814
335 759
143 943
180 668
24 336
171 292
128 525
317 452
280 361
245 678
568 885
808 922
391 703
454 991
187 706
282 744
310 820
300 943
510 753
737 945
148 196
192 777
259 715
132 249
336 659
114 479
148 899
501 523
71 469
563 741
132 687
388 785
511 668
107 271
289 569
532 964
302 638
598 602
415 763
428 865
446 556
243 963
75 416
665 737
124 544
115 508
786 951
344 933
107 581
523 704
235 514
312 661
413 894
37 314
2 665
17 170
85 961
330 476
25 975
264 389
21 652
252 946
132 885
218 737
266 841
152 847
94 878
252 960
881 931
213 899
478 501
584 853
281 538
152 335
715 980
334 622
603 943
80 137
67 986
367 500
188 222
548 813
254 336
55 107
392 707
227 274
588 655
302 945
937 956
383 708
166 349
181 777
92 933
659 964
353 522
12 499
596 902
41 269
234 396
794 836
22 326
355 799
36 76
39 108
115 761
8 890
41 171
20 568
619 626
27 299
170 961
39 824
125 432
414 477
297 734
298 517
417 553
532 884
888 908
435 449
186 379
855 899
166 694
344 855
684 766
629 709
256 921
753 806
728 882
67 182
135 444
485 661
562 845
149 815
451 921
44 816
399 659
87 481
522 879
135 431
432 702
198 281
29 506
267 825
436 943
216 421
682 970
51 937
722 904
293 604
306 485
879 943
377 670
354 885
296 497
344 355
347 690
249 586
542 951
5 995
481 610
169 575
119 836
692 869
399 909
59 699
135 344
495 773
104 762
311 556
193 443
153 370
159 514
16 277
131 893
111 235
904 945
233 337
316 906
511 545
699 959
284 980
211 965
598 889
750 764
248 302
149 361
193 864
291 853
126 170
610 748
182 334
757 865
510 835
114 751
444 690
213 570
370 594
466 560
30 515
187 249
315 458
884 909
133 376
496 615
58 76
301 551
555 956
687 728
589 774
439 467
594 879
385 581
372 949
155 518
371 899
353 726
68 626
157 656
83 633
69 121
489 837
61 85
120 406
338 665
980 986
155 513
674 847
268 789
228 862
203 965
492 711
395 436
46 75
83 478
40 242
298 444
736 914
428 727
467 924
151 684
19 69
340 370
200 880
54 563
107 281
364 871
776 913
252 519
242 628
555 963
523 625
319 869
39 235
234 454
302 679
219 230
148 157
465 991
65 148
211 575
27 725
92 867
75 621
513 885
65 156
358 502
231 430
242 928
27 288
391 655
410 760
107 504
122 180
573 638
369 439
334 837
570 628
354 876
4 629
83 647
190 617
91 389
3 161
187 946
6 693
116 317
269 630
100 639
209 521
249 621
113 495
344 745
186 721
277 968
16 353
159 885
516 948
471 554
530 570
665 945
589 974
700 707
388 975
556 640
230 737
78 768
144 263
180 219
173 728
156 771
747 774
136 625
321 617
143 257
187 785
526 614
480 607
230 728
249 297
617 760
218 651
481 492
325 598
690 811
708 974
715 862
205 370
159 711
788 961
413 741
284 526
462 682
558 865
281 577
39 171
546 847
65 703
457 727
69 347
674 718
252 926
796 871
26 584
100 803
621 648
501 595
57 462
126 733
584 635
120 596
273 609
40 161
424 800
728 873
349 687
152 888
362 667
173 767
64 261
190 963
18 552
451 473
474 674
54 393
315 653
510 991
556 732
129 699
284 882
288 427
133 900
211 358
68 644
75 194
295 825
18 39
228 230
272 522
397 755
449 824
388 810
772 892
180 995
248 808
243 355
209 555
509 730
597 610
161 603
284 798
823 975
61 355
355 427
90 150
25 614
272 288
160 328
106 178
338 693
225 489
47 245
447 669
15 176
778 927
245 800
131 982
69 924
236 965
42 725
563 701
645 664
645 911
173 998
175 874
109 486
40 502
32 676
195 863
577 766
669 972
21 108
297 761
27 350
408 422
459 862
155 408
28 962
400 551
73 100
291 373
417 979
106 490
261 986
458 602
179 219
490 562
93 615
100 307
288 820
406 552
533 773
373 456
28 894
139 508
38 752
278 802
522 595
84 613
585 981
514 898
106 637
451 645
303 316
33 794
509 786
444 911
43 354
362 781
709 874
12 924
475 763
456 711
160 786
173 603
639 766
767 794
270 443
390 967
110 153
100 594
317 793
90 424
130 523
107 925
362 902
256 265
220 823
75 991
195 403
231 310
550 741
653 738
339 867
693 710
664 772
297 461
760 799
35 264
100 281
517 758
60 898
187 524
80 324
317 624
334 596
434 521
252 389
164 884
19 324
299 975
487 598
47 339
339 605
616 913
249 303
56 604
162 432
175 859
9 146
194 897
18 764
249 757
193 516
547 919
2 314
537 691
291 345
836 907
344 511
336 558
17 351
233 852
84 85
488 504
174 768
637 904
163 517
86 876
767 876
458 481
61 405
187 729
307 596
79 322
107 217
160 726
767 999
143 640
493 846
325 419
700 919
56 57
668 820
40 495
652 810
209 663
288 913
392 969
98 520
61 661
370 879
932 992
42 279
383 485
294 425
379 721
69 969
353 604
649 873
301 1000
672 848
616 666
392 770
72 284
213 236
92 512
325 735
98 593
473 668
304 929
88 645
491 811
138 306
402 674
57 356
32 270
189 943
174 499
382 773
537 774
667 699
809 921
625 949
449 651
155 856
438 752
242 549
403 687
276 535
398 506
48 608
208 532
319 575
421 701
891 904
747 916
391 846
252 515
271 432
191 213
522 868
459 654
82 173
627 966
457 665
24 92
170 520
177 922
396 399
306 890
486 538
162 922
345 446
21 891
13 388
8 595
14 676
524 673
457 856
443 543
347 409
30 94
66 814
471 922
559 884
449 552
422 544
643 924
377 846
294 361
164 444
336 506
438 520
585 790
342 694
854 958
2 957
449 742
91 132
133 665
149 834
162 945
232 988
527 752
532 687
62 380
197 435
144 155
836 876
61 981
890 911
483 637
489 679
322 528
622 949
434 911
511 670
224 255
344 979
452 674
264 789
246 817
53 747
388 855
667 820
356 514
434 483
157 310
314 820
65 735
31 915
687 746
555 882
19 80
302 899
836 958
570 927
315 355
181 708
148 593
274 357
347 371
528 956
113 876
664 752
283 388
201 930
18 360
61 741
889 920
9 915
226 351
96 124
157 622
252 253
510 598
410 945
920 960
241 564
75 728
481 764
356 924
843 998
308 451
144 815
433 502
236 452
429 551
642 758
529 538
463 566
578 684
27 46
558 757
93 242
66 416
88 516
248 385
70 817
265 993
250 485
144 267
68 707
245 793
370 943
685 957
298 595
89 436
559 879
132 317
729 795
645 921
175 234
202 462
385 982
247 319
12 355
267 804
889 902
9 919
57 167
309 501
794 822
145 353
799 998
342 678
834 975
489 674
116 721
499 568
296 945
2 41
311 332
429 762
682 843
200 487
80 880
18 848
33 357
198 262
175 776
815 819
106 559
161 791
719 921
295 516
758 824
268 420
336 998
319 414
375 513
422 878
244 905
292 636
422 695
52 852
159 591
365 570
271 616
702 735
74 388
573 924
794 914
81 351
468 829
126 581
180 904
175 572
33 39
282 376
967 981
181 353
529 569
346 639
193 945
613 829
596 750
31 160
484 572
186 718
40 729
403 517
54 796
567 673
328 797
134 786
411 970
96 191
721 988
299 373
679 777
335 952
297 938
776 826
469 831
514 961
310 665
787 848
37 610
446 876
123 492
56 682
399 859
187 221
314 888
240 264
761 846
168 753
154 625
166 979
391 425
424 606
913 979
495 547
449 951
309 567
495 839
107 959
196 417
532 817
124 173
141 257
798 846
10 611
67 301
173 968
241 745
152 371
400 497
354 360
391 927
83 205
231 467
596 754
559 630
445 734
643 689
196 880
410 829
349 711
782 931
615 991
159 630
122 921
174 581
96 186
379 410
155 190
11 372
256 494
16 114
647 709
352 391
170 448
86 654
306 436
558 891
571 835
214 997
741 747
366 570
104 698
13 457
208 234
722 826
17 602
220 737
461 581
388 465
131 259
252 888
938 959
937 977
145 981
128 929
337 877
514 702
603 827
513 762
124 231
268 356
799 865
772 975
141 166
79 586
454 621
12 246
530 543
8 104
106 414
324 948
615 661
332 709
104 432
338 595
526 730
20 290
337 491
74 892
677 991
827 906
227 846
649 972
296 814
358 651
140 470
597 955
305 837
323 769
530 952
363 759
119 730
380 858
297 831
490 566
338 919
481 737
115 328
368 811
77 492
256 586
297 713
174 389
120 991
351 536
118 894
644 759
764 848
388 892
249 602
164 559
730 739
401 478
121 743
25 597
805 873
144 777
24 838
526 952
501 698
939 950
322 729
432 919
40 127
360 721
451 913
305 764
358 443
230 394
253 444
27 117
95 699
373 420
847 849
76 289
401 633
801 989
253 989
640 728
706 816
826 947
263 506
274 862
21 146
354 581
510 743
829 831
100 837
766 874
61 545
59 299
346 928
73 347
150 738
67 799
271 835
655 914
39 252
203 641
60 891
738 876
615 657
92 735
294 444
419 759
242 849
476 755
874 967
387 810
61 279
250 288
268 302
245 952
96 949
248 540
453 819
767 823
39 550
29 435
399 556
27 437
581 735
237 306
94 967
296 574
170 786
297 324
248 991
520 954
596 637
713 942
773 832
28 114
253 340
175 597
254 790
120 302
39 815
156 568
501 708
29 542
460 523
24 797
830 934
786 820
39 990
371 840
187 732
18 996
249 263
136 151
795 960
194 340
582 623
234 261
104 118
42 493
373 666
200 867
316 448
11 958
78 415
7 264
119 611
187 349
206 458
190 805
148 938
532 938
637 649
155 926
161 352
239 372
214 550
665 783
372 666
604 968
394 477
468 924
21 469
173 717
43 782
114 841
24 29
132 441
214 934
195 922
365 968
649 830
427 711
10 306
604 790
89 346
131 647
921 981
159 367
777 904
205 835
23 603
370 811
471 821
26 849
385 729
287 473
796 878
656 902
453 831
219 638
392 555
313 804
327 612
39 879
252 633
754 985
268 718
274 415
338 404
195 826
367 796
237 651
707 784
96 957
795 983
25 890
68 190
49 689
687 795
246 959
572 815
49 70
235 758
259 465
237 515
221 806
74 845
148 856
959 979
328 817
520 654
52 825
524 625
594 880
449 532
336 874
2 156
214 520
451 701
526 986
317 934
443 739
470 532
288 948
168 913
91 403
540 798
59 517
295 297
68 77
257 791
155 908
157 411
142 982
508 636
157 176
157 878
73 605
191 924
701 986
677 826
496 906
108 301
173 281
218 956
426 476
630 937
71 814
196 352
29 940
15 274
462 840
123 988
348 597
367 871
866 940
213 879
664 959
155 735
68 502
246 471
384 923
433 875
187 517
463 835
389 711
744 781
57 274
121 516
92 155
604 683
23 951
61 877
123 998
301 642
144 260
843 990
469 829
413 424
281 737
75 784
88 664
148 825
371 552
436 730
124 369
358 963
186 786
38 911
160 571
141 145
90 668
268 297
92 542
216 702
268 429
790 887
206 451
389 445
364 434
492 698
555 879
58 734
52 673
370 638
949 992
23 623
338 785
310 925
70 205
504 747
325 924
300 383
193 908
236 789
256 660
167 879
795 965
95 234
596 691
555 559
570 832
112 337
258 575
271 474
174 871
334 558
648 952
76 274
594 715
439 731
100 412
897 1000
2 945
157 517
97 303
517 847
175 181
526 694
12 198
721 796
70 806
730 733
536 557
290 636
70 171
470 513
75 244
205 535
799 838
462 486
533 808
61 283
248 315
274 585
283 367
288 411
146 747
106 813
254 329
756 947
465 839
232 270
443 730
486 833
42 854
637 774
798 989
406 826
375 488
91 441
672 674
289 295
280 999
82 668
433 625
625 656
390 615
228 276
140 547
456 621
314 558
379 777
527 897
502 543
61 634
364 984
128 794
214 897
547 859
359 860
61 721
360 622
10 940
162 177
299 511
458 833
69 708
205 584
795 919
426 611
69 804
1 168
360 420
415 438
83 575
717 929
721 937
141 719
546 574
365 661
305 725
394 517
68 984
958 970
192 934
302 742
264 621
152 989
285 317
599 655
353 499
231 841
312 392
229 505
492 793
723 769
245 890
47 799
108 630
370 907
734 805
325 828
33 593
132 237
799 810
296 569
290 899
331 934
491 738
245 480
155 985
89 737
145 662
758 996
521 596
139 154
149 862
304 803
687 994
515 595
376 833
826 901
447 604
61 690
354 461
302 304
65 550
11 992
255 508
57 477
70 739
230 610
336 836
125 751
231 281
136 254
340 645
824 981
595 623
155 457
75 167
2 584
154 543
8 549
202 651
116 919
191 881
497 552
213 910
363 815
62 65
373 823
438 693
168 828
503 940
662 992
159 996
12 502
173 955
74 187
322 824
25 502
210 928
791 915
383 496
547 663
64 449
62 684
981 987
132 481
734 737
320 912
593 782
458 960
133 322
102 719
173 790
656 760
346 930
76 590
283 598
199 932
406 628
434 461
65 846
82 190
401 767
92 449
497 747
360 958
207 308
920 980
914 951
2 27
246 515
276 404
296 421
322 509
186 478
255 515
93 187
315 794
24 559
370 823
528 630
220 564
252 721
306 444
293 753
356 492
61 847
220 594
265 879
665 865
441 630
132 379
708 829
32 486
382 913
211 418
681 922
315 838
352 866
335 400
565 698
594 853
136 966
479 589
404 479
893 900
168 372
187 782
379 543
40 186
3 24
167 355
196 601
187 330
85 944
583 980
181 473
381 422
556 818
220 646
116 396
227 621
66 737
622 726
232 510
29 82
268 388
260 493
114 874
368 760
815 972
637 786
78 293
136 922
289 698
8 468
43 831
776 876
686 816
132 859
566 663
571 603
44 45
511 602
443 732
98 843
477 531
293 856
90 251
148 260
506 908
205 349
513 894
180 862
909 958
338 456
71 100
343 682
186 244
39 491
242 390
495 499
218 494
263 701
247 522
906 983
127 597
248 648
354 996
615 815
155 181
174 289
471 515
145 595
19 259
86 159
384 749
15 325
238 573
663 794
470 687
232 632
156 668
92 772
220 650
18 21
106 228
730 933
616 760
1 296
270 297
430 736
348 734
144 160
39 873
536 824
49 952
130 148
197 198
415 660
451 629
667 879
56 637
228 299
318 714
126 583
139 676
249 671
118 457
327 479
888 940
901 966
201 769
401 990
106 205
259 522
16 665
469 928
273 715
61 931
154 684
24 175
570 757
419 886
200 949
207 839
308 566
39 671
190 640
340 424
561 926
67 451
87 610
134 380
404 608
385 395
83 176
449 772
252 789
170 516
675 969
154 724
504 878
491 897
96 445
123 737
184 544
212 591
276 930
481 874
84 577
453 615
11 820
402 919
243 308
663 725
218 436
237 760
836 864
107 253
96 817
214 731
547 831
29 535
59 152
485 816
284 608
279 651
687 751
617 796
98 474
197 609
608 829
257 484
636 846
336 848
637 879
112 966
373 623
183 445
628 786
120 295
335 389
67 923
285 785
256 441
606 663
270 347
661 980
135 995
532 665
550 848
221 388
65 144
563 659
12 161
195 661
434 704
240 811
695 697
439 543
74 635
161 570
556 690
480 796
283 710
245 884
509 884
178 370
661 999
65 323
9 881
311 952
12 647
623 983
267 340
457 595
55 799
437 835
105 668
388 817
150 589
442 595
637 813
645 931
923 926
414 776
104 574
133 945
847 966
217 654
400 460
530 969
207 963
361 930
256 848
425 787
101 271
461 504
336 937
339 637
115 596
336 760
728 911
488 791
484 709
360 599
329 444
451 689
173 816
547 604
267 615
226 302
678 732
60 317
632 962
830 878
159 373
375 430
218 655
182 726
609 760
790 844
696 846
130 867
450 772
104 865
829 935
767 981
190 666
689 911
565 909
361 520
54 74
715 912
382 655
209 575
159 771
25 398
152 449
161 844
278 765
517 965
307 377
816 829
585 781
75 838
82 398
353 904
354 832
663 896
91 506
303 928
318 340
28 551
345 495
12 553
383 632
270 598
174 954
161 288
89 577
51 954
203 302
816 977
93 490
521 647
293 843
116 157
336 457
80 400
287 727
195 901
747 750
556 931
21 504
372 569
70 880
103 898
400 721
476 955
470 937
17 751
663 823
346 846
645 750
209 617
63 245
71 528
628 838
154 922
59 791
19 747
75 318
234 874
13 148
33 615
15 263
406 769
209 699
167 648
80 281
263 490
334 829
393 981
600 822
105 874
191 710
11 536
187 389
280 478
561 614
47 470
482 668
364 783
270 715
217 524
425 543
354 823
516 679
77 765
292 797
196 926
561 694
573 931
441 745
454 706
332 538
511 878
991 1000
654 804
530 558
282 849
159 932
56 370
73 355
139 444
690 963
393 832
279 585
202 728
282 770
436 709
485 654
104 342
556 911
621 934
163 582
208 484
615 811
8 226
247 748
234 357
279 574
87 570
104 240
68 908
75 679
449 782
521 769
314 865
751 874
145 646
242 726
435 438
250 577
907 965
98 502
263 281
471 651
297 355
232 365
323 370
748 999
189 595
174 182
804 883
103 806
237 256
597 732
276 639
354 401
161 209
108 879
145 867
230 604
797 998
632 875
35 131
110 174
306 321
648 962
80 190
615 676
492 707
205 382
604 680
429 483
285 897
209 393
209 968
666 820
173 435
803 975
645 831
747 805
115 684
465 1000
394 661
240 784
689 731
159 702
116 654
12 223
336 530
213 594
61 769
271 674
92 520
176 471
105 302
336 700
47 76
299 782
737 981
233 597
687 965
37 150
67 666
342 776
35 621
876 935
121 266
243 959
423 629
570 619
753 781
675 684
499 831
230 994
234 481
19 564
786 876
294 638
345 659
33 741
76 904
50 289
301 609
463 610
413 654
708 797
400 433
391 839
635 811
717 729
671 847
103 377
80 471
159 920
71 145
534 735
3 620
214 367
552 972
509 769
365 515
481 707
599 612
222 656
390 859
136 846
95 535
140 638
72 628
64 613
605 872
559 705
114 212
240 356
818 899
738 784
762 903
175 707
89 820
131 141
306 517
484 540
393 640
236 457
213 613
178 228
116 553
575 966
431 482
360 787
14 436
139 590
704 735
281 352
242 773
394 916
8 146
118 615
179 614
132 291
264 808
276 601
149 792
140 670
56 740
491 554
128 174
383 385
389 855
500 832
421 563
300 306
660 769
715 843
173 346
156 418
8 878
508 848
187 352
12 301
128 571
380 630
545 585
445 951
159 180
526 845
467 971
346 897
241 479
359 675
228 662
549 890
380 888
38 88
182 186
130 430
107 148
470 650
462 739
389 644
447 659
47 802
257 469
595 909
128 753
1 525
24 96
125 148
183 209
302 379
589 811
344 549
68 271
155 706
699 946
402 444
228 470
399 585
863 931
911 963
73 479
355 951
113 173
151 317
251 584
18 885
492 784
9 352
286 336
125 971
16 974
270 486
2 296
58 352
490 814
196 990
161 370
68 296
479 538
112 730
199 663
612 922
2 737
352 757
459 834
399 630
8 603
162 358
284 771
131 921
199 734
198 296
403 788
299 971
247 820
297 932
93 814
765 825
140 695
440 527
218 438
415 955
140 586
450 709
78 530
581 748
240 914
11 338
94 650
785 973
350 436
675 922
261 581
385 596
433 615
361 665
69 782
173 447
471 849
706 790
338 892
324 464
20 325
87 682
276 983
111 878
431 822
85 691
106 713
15 353
372 840
9 842
235 302
205 250
846 968
630 765
452 789
396 454
506 520
70 286
678 773
76 183
956 986
422 501
300 632
302 784
414 881
205 581
69 877
230 975
31 107
625 885
820 967
721 759
89 501
186 552
32 871
32 961
765 977
75 649
90 485
481 820
128 230
395 878
522 776
621 868
273 463
291 569
90 133
76 725
231 369
721 942
83 367
485 637
512 867
746 882
533 648
318 328
346 444
170 923
99 188
77 349
554 820
141 441
11 51
58 554
16 832
188 699
568 726
451 630
301 543
197 646
155 435
426 454
404 538
634 715
375 709
519 678
85 890
470 959
277 485
121 948
608 781
53 90
642 843
4 516
209 867
39 193
50 544
651 729
89 643
301 752
393 456
11 623
61 897
358 373
269 283
567 571
733 954
308 704
196 765
355 793
31 731
296 336
422 508
310 641
795 934
123 818
177 602
892 988
646 836
127 754
540 838
136 952
55 58
136 444
85 958
264 671
255 942
264 998
265 542
721 729
84 893
573 983
98 707
65 952
543 998
36 565
739 842
107 703
98 874
276 684
878 909
91 899
212 344
877 890
623 680
898 939
104 945
514 585
39 926
441 526
297 514
231 815
69 175
565 878
546 687
67 80
203 392
297 945
881 893
461 499
357 870
61 834
123 155
18 794
32 715
122 555
104 253
244 668
83 595
116 231
236 779
309 967
340 946
526 996
586 849
83 163
459 552
637 678
104 116
597 981
241 399
302 533
59 902
610 695
207 607
372 837
274 308
156 346
298 403
106 302
190 479
726 735
968 970
523 674
317 569
380 839
361 843
156 403
264 617
271 475
126 679
136 346
371 513
747 788
159 405
71 407
219 678
548 967
338 532
280 734
239 252
514 779
375 732
75 699
948 969
36 772
76 161
522 893
126 596
164 771
190 751
650 897
582 710
178 537
844 989
29 76
922 968
543 769
252 585
47 765
253 388
70 675
459 932
711 771
484 806
98 668
227 950
219 890
457 815
153 180
35 852
389 813
61 604
80 706
281 710
682 974
164 847
190 871
486 543
176 213
85 735
334 703
115 574
651 882
87 853
78 977
61 630
75 314
76 928
306 915
2 767
39 422
40 461
39 748
187 795
96 835
414 799
559 747
160 336
351 985
753 991
140 927
264 400
312 491
29 730
312 502
400 402
359 975
216 750
91 943
186 444
550 567
321 640
654 661
37 330
379 483
276 414
454 829
595 893
62 846
78 920
122 664
198 873
1 720
328 628
473 693
61 889
61 779
256 781
748 890
163 814
2 748
252 566
545 932
160 983
488 890
234 513
132 302
211 758
429 800
279 493
199 229
113 520
596 628
12 399
207 456
715 945
82 460
20 143
17 457
182 965
542 708
179 698
146 242
612 675
334 533
26 242
170 509
201 226
357 942
264 796
136 154
215 283
400 425
141 452
524 825
98 242
666 949
96 902
368 889
613 693
191 811
122 989
335 471
22 201
564 593
372 398
95 827
261 704
330 732
246 975
100 961
571 814
252 671
176 180
25 85
509 992
890 921
741 876
358 621
116 248
15 659
13 16
717 823
349 546
352 650
329 757
387 829
215 918
23 155
150 563
325 434
565 796
647 734
80 220
150 276
346 924
186 643
242 736
18 919
124 940
157 205
537 647
608 753
8 273
410 480
125 595
344 625
305 661
753 988
656 707
327 647
337 568
209 994
715 876
139 983
96 346
115 637
390 684
355 495
878 938
90 956
45 455
463 928
413 616
517 981
738 939
89 834
479 979
120 346
361 926
47 872
401 962
344 692
660 668
259 444
197 824
13 881
573 635
878 947
584 785
175 604
945 963
765 835
299 429
49 368
222 959
421 566
388 457
252 296
43 308
62 245
59 336
885 933
431 602
784 946
222 899
213 811
3 296
83 777
58 777
674 989
11 89
506 635
372 859
344 348
522 537
349 444
370 574
30 156
245 684
93 396
243 819
25 120
95 388
24 626
293 611
120 173
661 974
230 566
70 250
280 541
175 542
170 656
249 375
334 452
70 398
473 741
430 490
176 651
607 903
441 927
492 617
339 664
533 729
107 768
458 985
547 644
772 897
161 234
353 421
64 340
127 499
352 753
872 983
73 262
334 793
174 569
213 818
99 147
157 836
61 923
25 561
518 911
595 711
188 288
585 806
406 786
403 739
75 328
22 161
250 987
124 970
367 564
721 744
115 979
367 882
708 830
37 94
799 938
422 570
329 518
98 888
669 871
180 891
338 752
373 453
360 581
424 692
636 697
23 714
622 890
501 583
61 553
31 963
58 310
261 919
899 945
159 707
506 986
822 940
280 398
54 807
36 831
136 296
201 755
370 952
556 980
21 856
68 127
415 945
345 815
360 835
387 680
28 481
235 447
92 876
130 638
12 618
720 904
142 909
353 572
461 663
420 524
461 787
477 698
871 971
158 721
241 314
72 267
183 546
394 966
67 873
718 991
488 707
87 550
51 813
821 941
175 535
701 767
430 667
662 823
517 893
626 797
102 812
429 839
211 514
253 914
521 979
108 495
762 985
518 955
363 421
774 881
47 573
71 336
732 909
436 445
370 433
706 955
664 926
252 538
429 558
429 489
866 944
952 995
218 771
130 243
374 750
239 843
98 125
483 491
102 150
71 772
317 666
740 965
89 787
506 880
351 834
660 747
661 814
144 596
695 996
41 695
855 859
650 796
245 483
377 909
45 87
717 922
268 471
675 788
486 971
448 593
139 876
309 336
71 253
892 982
51 274
195 219
454 889
351 483
295 484
598 739
449 578
568 612
488 670
628 795
258 284
429 943
170 297
393 771
310 324
728 890
479 982
342 389
316 985
375 495
47 376
859 943
486 497
156 923
453 623
256 488
1 372
403 929
22 791
89 751
890 935
406 803
83 878
56 677
401 773
442 444
710 931
459 791
136 763
676 757
157 234
536 915
174 260
623 771
305 792
482 643
286 309
273 844
215 318
447 844
297 377
317 847
36 851
153 377
457 615
39 334
208 465
427 527
24 131
135 562
152 214
370 389
450 694
54 604
140 156
56 70
205 516
389 922
63 527
469 657
426 894
659 933
356 502
291 329
218 882
154 386
371 872
133 817
82 130
243 336
107 817
128 987
68 284
405 591
679 979
366 509
955 974
523 731
597 701
482 902
71 116
296 325
533 619
78 86
525 635
481 975
207 220
449 884
408 612
644 971
586 978
170 897
181 967
296 925
351 800
311 352
15 881
963 998
317 911
79 376
353 619
405 927
49 661
297 555
235 730
632 768
32 867
21 948
261 965
495 876
309 766
553 948
431 621
332 398
354 773
536 825
21 501
491 547
721 789
146 422
159 351
296 949
83 767
428 690
453 606
641 652