8000
1463 1680
483 780
1514 6470
4896 5840
5441 6227
1716 6907
1231 2344
9267 9319
5688 9318
819 5233
3306 3631
6748 7587
3017 5643
766 9385
7367 9673
268 5572
4277 5682
4731 5232
3860 6501
1492 5357
3289 9401
1474 7858
4439 9791
2349 8051
7599 9381
3765 5417
2562 9349
1774 9508
585 8259
8281 8797
305 3310
2316 3249
9407 9715
6151 9805
400 6166
4849 9830
728 5054
3735 5753
3516 4439
8038 8956
4962 6124
332 2248
351 8871
4602 5485
4508 6719
2705 3469
8849 9104
3005 8285
1716 6902
1395 2100
5281 7201
3486 5643
1643 3621
1991 3913
1177 1482
3349 7855
762 992
6124 9828
5875 8437
1739 7625
4852 5472
998 5694
2176 7063
3920 9805
2744 5222
5458 5683
2355 3733
4154 8335
3126 7710
6633 9273
8675 8863
8424 8572
4577 8138
316 7601
2101 7253
1647 5834
1936 3174
4044 9022
2051 6393
443 8511
1295 7032
8675 9853
4674 7092
3668 8379
2313 5883
7723 8414
4110 6715
548 9001
1395 2431
3296 6524
3914 7419
1094 6120
5255 8203
55 954
6601 9239
6520 9063
1609 7150
2063 8143
5094 7683
7054 7098
5170 8931
3597 3898
5458 8780
4585 5641
2263 3862
4410 5668
2998 8484
1684 5576
4264 5326
952 5673
950 2506
1834 2655
1618 7493
1238 1644
2387 8781
323 8792
4683 8344
403 8755
409 6099
4192 7941
3751 4987
5699 8281
1753 9023
1979 6064
5011 9490
7359 8061
4464 8570
5557 9540
2830 2892
3017 6597
1970 6659
8996 9698
4577 6301
264 6671
8620 8913
4696 6107
5011 9093
323 7867
3537 8119
3102 4763
2466 4523
8075 8956
532 2912
1648 3020
7833 7912
4874 6756
4166 8931
4940 5247
1177 3552
2940 9337
926 6105
4212 8521
1611 9096
1825 5856
1197 7044
4089 6219
4366 7762
3580 5207
8629 8841
1472 9762
2065 3198
4696 4746
946 2910
786 6715
415 6379
1779 7107
2295 8399
4508 5669
462 7305
5333 5934
483 4602
8897 9758
3372 5216
4494 6833
1644 5479
1849 8054
2094 5509
560 1439
589 6682
645 2213
7856 9508
7452 9698
3214 6296
1014 4274
6624 7411
766 6358
1293 9419
2704 5698
553 4962
2916 3040
3118 8379
4709 7337
3134 5486
998 2899
828 1871
1253 2203
3928 7973
8880 9756
1862 3516
5688 9894
7072 8216
253 4696
5691 8867
2525 5641
1930 3345
1663 6086
2066 8243
3994 5561
1508 4128
3073 8565
2002 4056
7429 8629
8934 9222
3477 5845
1097 8061
2998 8824
1805 6938
4636 5917
7531 8362
844 5755
1395 5183
4342 6760
7695 8542
3591 9644
1961 2868
994 1991
3689 5108
6798 7905
1510 3315
1401 3672
1693 3323
2940 8456
2093 4725
2610 6048
5683 6064
4320 9728
3792 5334
721 8989
5538 8953
4805 8041
2398 5922
1293 1921
1965 5513
3680 6488
4896 6650
990 1076
4674 7711
6415 9362
5223 7391
268 5693
4034 8614
7381 9034
6639 7624
2820 8947
6598 8150
541 2820
5216 9933
7288 7431
3245 6748
8285 9298
312 9260
1936 4568
2773 7420
3516 6227
5835 6899
5693 9325
492 999
515 5774
2899 5949
3516 3938
3391 6935
6280 7566
866 4240
7373 7402
647 9847
2051 4672
5472 7091
3739 6099
526 767
6747 7492
3470 8947
3688 6999
1076 5320
717 7668
1802 8376
240 6587
6001 6972
2720 9388
2670 9244
6193 9623
1469 6198
870 6241
2240 4418
1887 3672
1520 2956
3292 8225
2431 2906
3070 4217
4717 6001
5964 8093
5333 6563
139 4494
231 8805
7094 7928
5043 6716
2986 9362
464 4382
2517 8353
3039 8320
1725 9488
1197 9957
185 4046
3197 4811
4430 6837
5246 8378
2916 8814
3965 9946
1829 5972
566 5277
5350 5753
6446 7426
2202 2469
3899 5720
1936 5854
4394 6855
5325 6540
4502 6441
1004 1755
6899 9814
1939 5109
6540 7616
53 2180
897 1425
2171 4725
520 1286
4157 8764
5482 9238
417 1751
7590 8867
380 1136
5486 9673
2075 4224
1779 8675
4497 7584
722 8792
2887 3038
92 7469
4636 5806
258 8780
2328 6045
2361 7637
4414 9205
2810 6180
3106 6613
5130 8867
9017 9239
3320 4878
409 2295
877 2466
7 6981
1039 5130
4518 4671
3477 9496
409 5428
4081 8584
1603 6895
2337 3414
196 6532
2830 9909
1514 5902
2664 8381
2264 8863
885 6416
6360 8947
585 8595
287 3509
3466 4512
897 6151
95 5689
5845 7084
2154 4381
2682 3802
3040 3498
2266 3699
7728 8675
3289 7011
1565 5415
3784 6935
4733 5185
2913 5242
409 3300
6443 7337
520 1967
8259 8758
1329 7758
3375 9545
1421 5534
3920 7379
2913 5071
4371 7130
6627 9329
1644 2730
66 1030
2994 5115
336 1476
4086 6189
7826 9495
67 6556
516 1527
2423 8978
1824 4688
1286 7601
8981 9208
2755 3319
343 5236
5095 5553
4057 5521
3446 6495
4668 5980
2838 7594
2259 3005
2370 4667
7115 7337
3518 5185
3995 4512
9022 9761
520 5691
2901 5840
7714 7724
53 3320
335 1077
4054 4947
848 856
3217 8061
6195 9870
184 2839
120 4320
2962 4906
4881 9280
2916 5536
1755 9444
2345 3524
925 7351
5055 8661
3573 8397
4575 9852
3402 7260
1028 4446
4781 6998
3296 6105
2263 5196
4856 9791
1399 4926
461 5123
138 1004
2591 4048
312 6446
999 6217
2259 9805
358 7594
9496 9880
6756 9362
2573 3243
946 7197
3963 9001
5273 6479
6096 7160
5419 9695
6922 8514
89 4848
1820 8829
93 6896
1790 9282
2994 6189
4459 9406
3516 4493
585 3880
2881 7550
483 966
6423 8245
3125 5845
2576 7452
1286 2092
5509 8800
3255 3652
4350 5482
1286 1751
7099 8618
4315 7806
385 5821
93 2234
3094 9189
311 2742
2040 3310
524 9330
7568 9362
6283 6727
1036 2261
6045 7104
1884 4400
717 2916
97 8912
1344 3655
3319 6013
1839 8629
298 1673
5250 9930
5943 9997
4212 8767
6686 8278
4493 5530
666 6944
2034 5746
926 7821
875 7447
6227 9791
1383 9270
7156 9933
7786 8240
5561 9488
937 3302
6924 8728
2207 4674
5246 5689
3900 9002
165 7473
2040 6751
1749 9474
778 9791
516 4526
7705 8568
2969 4852
3840 6828
7011 8822
2466 9295
1751 4502
2179 4669
3345 6671
1208 9105
1357 8969
400 4796
534 7658
3771 5318
310 786
1994 7556
3266 7265
1708 6944
1649 2726
6438 7748
1673 4027
2628 9901
5076 6393
3077 9271
2908 7570
1871 4431
1264 6353
4548 9937
1425 2845
4027 6408
6942 7364
4668 7536
295 2063
7178 9330
121 5009
3349 4948
1998 5264
5053 8859
5358 5536
8434 9680
583 2040
8211 8362
9444 9936
4856 9680
1869 4674
5677 6987
1368 3615
3645 9891
786 4683
7758 9880
51 323
837 4026
3563 9283
5448 6501
453 8026
585 6287
193 3975
3530 6586
7973 9630
474 4801
2141 6169
992 9946
2742 7160
6624 8220
5288 6952
322 8225
5829 6360
786 8211
385 3639
2171 8514
4836 6611
5829 8947
2718 3622
5388 9123
5525 5893
3145 3770
28 9165
68 3244
5130 8150
2098 6514
4931 7218
7856 8489
8583 9634
4114 4853
3438 6233
316 535
4192 9450
5918 8388
1118 3750
4709 9490
6536 9497
2380 5189
3689 4520
3800 7176
1898 3268
5076 6241
2075 6142
7826 8374
5899 7531
4460 7473
5244 8766
3752 5671
3197 9709
534 2994
2528 4434
2431 4192
1725 9994
854 5729
24 4081
5273 5600
1094 1203
2319 9560
566 2219
2029 5879
6640 9329
298 994
2304 5694
2581 9997
525 3170
2029 7646
2994 8159
3485 4577
2215 3296
2901 6766
7348 9773
1815 8863
3805 7215
7651 8660
4737 4874
1236 2817
4508 8065
3990 9043
7086 8378
6264 6383
6450 8967
3040 4674
4931 7396
7877 8375
3726 7924
1814 7583
6687 8916
2141 6642
2940 4377
6441 9380
4034 6843
1203 4458
4926 8038
4288 8305
4691 7388
6591 7834
4283 6961
1834 1936
472 9054
1220 6415
928 9704
2835 6697
2678 8407
7814 7834
1111 1563
1774 3437
722 8022
1991 8780
343 8075
656 7786
1900 7779
22 8792
2948 5397
722 6504
1725 5561
2773 4706
1520 9914
2573 5943
6296 7852
6460 9251
1639 3324
8238 9376
7171 9512
6555 7950
42 7359
575 5227
164 3597
2180 5326
4805 7450
3477 9964
5835 9011
4820 7411
8155 9634
5530 6998
38 9283
566 778
2606 5154
4372 5277
417 6065
298 5555
5011 9597
7719 7888
7083 7709
8399 9388
1035 3456
51 854
5523 8320
335 8737
8494 9696
1937 4034
2742 9935
4046 5108
428 1206
5035 8063
1943 9026
6621 7574
3118 6321
3984 5491
1118 2982
5105 7107
5581 6446
2930 2936
3412 5246
154 1912
5242 6241
2398 7432
5520 5589
501 9015
8538 9295
3898 6106
2159 2468
1411 9122
3973 5658
3745 6459
9380 9597
121 2910
1466 2904
3502 7711
8737 9015
495 8054
5197 5834
4622 8205
2971 4386
4815 9015
1960 2642
4064 6896
5955 9200
4758 9814
2496 2967
1736 7885
4581 8320
2821 3371
5834 6151
5549 9791
343 7178
1219 1329
4152 5745
1214 8320
198 2725
7171 7599
3748 9080
1501 8443
4276 9050
1634 2403
483 1834
827 7088
6687 6795
618 3477
3170 7300
1285 7590
4896 8287
2771 8005
3106 3208
4081 4223
722 9500
1859 3313
3029 8081
3513 4229
409 512
2923 5275
8508 9834
4565 8138
3515 7370
7667 9188
7084 8213
272 4075
2912 4342
5694 7581
3121 4127
1252 4100
570 8175
3111 4539
3394 4747
3414 5948
443 2697
1801 9051
2807 5407
4083 7842
2145 3880
1508 5829
5250 8414
7683 8354
3459 8245
1751 7773
8771 9789
728 859
7637 8607
8725 9192
4876 4940
904 2264
7792 9015
637 4247
3118 7618
7203 7674
3662 9835
3170 8517
1758 2307
89 1094
1823 7834
5246 8894
1947 9731
5242 9303
6003 9452
7181 9258
3087 3751
9043 9189
5423 6443
3416 9918
1584 7829
1557 1707
4602 5755
28 3588
3563 5482
93 1869
2498 9238
2916 5144
2589 7222
8538 8894
3348 8175
1283 5123
1801 9165
9222 9561
1515 7975
3760 7882
4758 4952
9006 9438
4512 8956
994 5741
4811 6206
1336 3783
4670 5407
61 2915
60 6825
6844 7586
6151 8566
1064 8130
7505 8714
1136 2799
4207 7197
7497 8920
4513 8839
1469 5440
3197 4452
1004 3067
984 8447
4705 8892
7590 8598
4320 7599
6310 9088
142 8805
5111 7357
454 2107
2067 3145
255 4458
2496 3859
5441 8068
5673 6818
5957 8280
5840 6393
7665 7779
2957 8270
1425 4674
2500 3615
6980 8253
2599 7758
5173 8620
2154 6318
5712 6253
316 6299
2912 8498
1755 3041
5213 8358
7505 9362
2404 9001
5299 8649
8572 9896
4177 8447
950 9912
6129 8747
4829 9244
1394 2931
575 1644
2075 3177
6961 7171
662 7130
5179 5818
585 1898
749 9479
2931 9158
4331 8505
6768 7352
2396 6906
2507 5358
5491 6742
5629 9140
4670 9209
2075 8385
2344 6891
3360 9762
400 3724
4758 7822
1232 8063
2986 4874
1540 5362
4200 7779
2361 8529
567 3675
1421 1591
1991 6504
5071 9557
3723 6344
647 8934
2231 4206
9704 9830
2742 6096
2202 4672
2916 9015
2008 8563
5379 9472
666 4717
325 2309
970 3517
4138 4471
8603 9949
6850 9361
5688 6206
5741 6166
2319 2431
1948 2809
22 854
5534 7396
7346 9834
4364 7642
8271 8517
2701 4117
4934 9814
2469 5840
1967 7821
3774 7368
302 8560
2718 7260
1888 7195
6758 7364
3275 3546
1770 2608
1608 4066
4066 4392
1468 9303
3003 8259
713 7574
4926 5121
1023 5629
4699 9496
5445 9090
5415 9508
9280 9592
6499 6863
409 3689
1395 3292
5694 7308
2705 5673
170 2376
3215 7786
5313 9155
85 3070
618 8558
7446 9477
3070 7242
3565 3654
4212 7981
618 9138
7426 9791
1511 4615
2165 8704
4538 4696
1709 6773
1377 8529
2427 3183
4730 6607
2294 9289
852 6504
829 8240
5890 6359
885 2670
1874 2259
1862 8068
4494 5558
7096 7950
2264 8331
1611 3537
3026 7723
2798 9632
1898 5227
2577 2862
37 1844
566 7088
7381 9477
9151 9187
2255 5229
403 6250
998 5829
3292 4192
3077 3732
2051 2901
7505 8031
897 7885
2704 7600
2807 9011
3145 9957
6298 8254
883 7396
3218 9987
3042 4170
4829 6495
5182 7086
3783 7203
313 9711
2262 3289
400 8747
7473 9452
1605 8916
2251 3530
4508 7402
3999 9244
588 5372
4434 7181
2829 8358
8354 9536
7114 9791
1197 7208
5205 5818
4420 9098
6446 8211
3393 6077
3516 4635
5009 5845
2627 8595
4701 5946
7437 9673
3313 9272
6159 8368
1680 3530
1283 8913
7637 7814
656 9138
4024 8729
1409 7973
3164 5421
2913 3209
4980 7952
474 4828
4414 9224
494 5741
7419 9294
4382 8195
829 2701
2881 5857
6907 8365
642 8289
773 8704
3880 5920
7444 8732
3817 8445
4225 9406
343 9330
5121 9330
3198 8822
2309 6470
3692 6604
9094 9480
4577 6833
1466 7208
2749 5399
946 2031
165 678
8211 9480
6524 9319
7086 7724
6241 6393
4809 7213
494 852
1539 1852
2510 4236
251 1524
3349 5520
1283 5572
964 2474
2294 4537
885 6580
7516 9930
574 3058
3359 5634
3381 8376
6992 9318
1565 2159
19 7712
3739 8956
8060 8437
193 9712
409 4046
6121 7911
3050 4152
7805 9034
7025 9557
1242 7411
7954 8367
7242 9132
4334 7255
4896 5071
767 4207
2018 9123
4309 9488
1175 6748
3400 9933
5825 6391
4047 7300
140 2546
1817 6659
5098 6286
8931 8989
648 3312
6346 7210
5076 9138
6458 6838
397 3312
1219 1739
6580 9244
3225 4405
716 8327
1686 8351
3050 8358
999 5151
2969 3552
3319 8629
5662 6899
3770 5920
453 7495
1515 1780
3259 3860
3776 4278
4364 7786
5244 5389
6582 8289
506 7243
2546 4283
783 9630
586 2781
4312 4562
3353 8234
7637 9894
2361 7814
7681 9581
8978 9011
1329 2764
2349 7852
3354 7758
5662 9209
1834 5479
218 4889
2251 6532
6968 8892
4520 6607
5241 9723
2059 9974
1591 5037
175 4526
4699 6373
269 9896
6837 8776
5185 7892
1461 8183
3076 7904
1111 1778
3372 5111
492 8011
3479 6158
4737 5542
1208 7203
1215 3026
1203 3076
1947 2967
335 7064
5530 7868
5962 8993
472 3258
4034 7814
6296 6998
4987 7232
3928 3964
3762 7011
6828 9011
1475 8377
1023 5674
2707 4600
532 3597
3587 8097
4689 6822
915 6719
3430 6536
3638 4828
6154 9295
1455 4853
2474 7099
7084 7852
7096 7987
2263 8067
7357 9474
409 4155
4523 8538
2507 3348
575 2469
5662 6828
6972 9512
8620 8797
2232 6450
6650 8717
5678 8007
5679 5779
1871 8668
1067 4217
6876 9471
4644 8100
347 4711
404 4725
1424 3391
682 2525
2974 4865
4047 8629
1433 6446
5547 8104
7787 10000
1480 8588
1032 7077
5372 6256
5308 8061
1944 4852
3292 7601
662 5629
4315 6132
5423 7822
4568 4801
3279 3897
3292 8867
8011 9282
4835 7064
2398 7305
4483 9420
1248 6801
2355 5983
1057 9209
1647 7705
6112 7691
6729 7915
619 4395
4523 7912
2066 7856
3571 5367
5779 8494
4805 5326
7086 8629
7742 9791
3498 3920
240 4530
1219 1807
427 8499
1948 2008
1034 4110
3886 7821
3304 8677
110 2892
4189 8285
4200 7064
1307 4403
4320 9512
2452 3551
3518 7612
1630 8329
417 9132
671 2628
1869 3050
268 1067
1547 1693
751 4829
193 8697
3563 8811
6795 9672
8110 8776
660 2664
8477 8961
5818 6733
4507 9381
3672 7983
8620 9814
3055 5962
1206 9001
767 5009
307 3343
951 3498
806 9371
1377 4497
12 5350
3632 9388
3378 4196
2248 4815
1109 3934
6768 8187
8087 8281
2261 7295
1815 4138
1232 1599
2744 7449
7658 7885
55 1469
3145 8372
856 6261
829 2370
1238 4602
3312 5983
2521 8734
349 3277
3348 9181
4811 6459
2931 7999
7185 7594
3125 8051
7288 7709
3552 4852
3672 6770
1092 9728
241 440
8362 9380
506 9935
6921 9726
1307 4414
1458 4035
4167 8314
4312 7284
462 2398
3498 9298
1937 6459
2234 2892
527 9368
2969 3649
3668 6106
553 4114
2398 8894
3215 6650
5992 7867
5688 7843
4420 4566
1807 9913
2122 5508
4896 9592
1576 6240
2028 2617
1208 7718
732 4676
913 7810
585 7390
4155 4166
4498 6610
456 5010
3197 8568
6924 8981
4705 5357
1057 8620
4568 5339
575 8595
1616 6855
5144 9181
5834 8873
2809 4414
2266 4805
2215 4110
8104 9006
2692 5030
1377 8607
5725 6560
5322 7532
7882 9523
2075 6580
3739 9100
9287 9349
667 9462
38 2414
722 5458
7208 9807
1197 3723
1023 5308
6938 9696
4857 5092
4064 7099
3458 9479
5677 9123
2820 8996
1930 8320
1656 4750
6504 9997
660 764
2213 8484
8240 9557
8356 9663
6403 8495
2463 8920
1157 2246
7169 8529
4493 4538
1591 5834
255 8558
2307 9941
6105 8070
1197 9652
3637 7913
545 1257
7379 8566
7300 9027
483 8931
999 6344
3258 3802
2670 8385
1884 9623
183 3256
1293 2674
3790 5807
4264 8822
6161 7236
2571 6762
5673 5922
323 6166
2056 6001
4668 8425
93 5572
5254 9834
2940 6890
2066 6664
358 502
5071 5779
8792 9548
1444 2328
2898 8704
24 458
2916 7337
9053 9172
2994 5962
1948 7468
3672 8873
1169 7350
717 4874
2594 6558
97 5291
2101 2829
1400 2463
6449 9930
2171 4931
1898 8066
1036 8379
2219 9880
5538 5691
2544 6901
1347 6107
7642 9496
2775 7099
854 5055
1508 7450
6286 6604
7169 7447
1411 5055
332 7641
485 2105
5011 5899
2986 9440
5130 8099
5480 7610
2775 4633
64 6143
4758 9490
1472 5407
1779 5027
1041 2930
7083 8781
4070 7379
4468 5834
8344 9260
5689 9756
5834 7379
60 9886
3920 6756
2380 9790
346 4881
1825 7590
5563 6495
4432 5244
5840 7025
6665 8331
483 1618
8173 9132
1912 3055
453 6525
1368 3444
3645 7012
6319 9210
7167 7178
3822 7799
5182 8407
4189 6541
5572 9051
2498 3760
2252 4984
7047 7086
928 8175
4811 9368
4711 5828
984 1268
5479 5485
3095 9260
6944 8981
4418 4515
8011 8217
2948 7153
522 5662
4100 4465
5534 9318
5737 6772
6581 9456
5586 8259
6512 9267
3790 6978
4460 8758
1399 8956
6448 6546
722 9548
1433 7676
1673 7334
3841 4675
317 1903
3220 3689
2962 7507
810 6132
3000 8201
7088 9496
4668 8183
3214 3949
3170 8259
1336 3134
3215 5732
440 3295
24 6984
3214 7114
2429 8425
8102 8515
4488 5052
2473 8367
287 6580
2422 7539
6536 7976
5071 9138
4371 7084
4815 9805
8431 9280
336 1203
3487 6163
4212 8281
5187 7981
1034 9089
3994 9488
959 2251
224 9129
3566 7284
4502 8150
1820 5193
3938 6524
4568 9957
268 7314
8529 8614
3977 9643
1569 7058
1231 6891
7510 9087
97 4224
1213 7618
525 4999
527 5729
2032 5185
5447 6902
3412 9210
8079 9185
409 3518
562 9416
51 7995
11 3889
2583 7597
1313 1443
3201 7221
3928 7821
9205 9283
2180 6795
997 3423
1252 4439
8177 9496
6773 8314
6630 8479
512 7666
3727 4857
4999 7086
3100 3672
1898 8511
2775 7053
5182 5669
8358 8618
7522 8605
3209 8115
2545 4948
3733 3853
1936 6124
293 4460
2171 4763
3432 7586
1197 9068
912 8145
5530 6458
4595 8743
3841 5291
4344 6588
638 2583
7211 9519
5883 9972
1208 7367
2115 6635
3748 9734
5450 7132
3632 3897
3096 6411
2032 9319
2576 4805
1936 4801
1299 6448
5073 5186
1687 3355
1618 4481
1484 9208
588 9032
121 4207
4471 8947
2560 8287
1062 4131
1112 9987
2180 3563
7338 7728
3937 7054
5236 6905
5694 8092
975 7447
255 336
1508 6096
6580 6627
5089 9899
4229 8759
3177 5641
3516 6715
495 5920
3267 7239
1047 8104
1888 3267
8767 9129
420 737
2893 3525
312 2215
4152 5213
5223 8447
7154 7852
396 2142
9444 9548
4479 6935
1603 7966
3100 6459
7201 8726
1647 8568
4507 7361
7138 9122
2924 3349
2845 4641
1825 9380
2627 3319
1186 3551
2110 8104
2906 7164
1149 8183
1047 9006
783 3928
6054 6449
7849 9640
5428 6512
1078 1744
3686 8803
7054 8031
2326 7178
1634 5745
6393 7786
7367 9280
263 1293
1615 7868
5365 6739
1238 4100
5902 6470
3085 6562
8252 8837
6588 8873
5683 9548
1468 4896
846 9730
2474 6076
2248 2916
5869 8814
7117 8230
2171 7396
3009 5121
2273 4900
3820 4622
656 2370
272 1432
2924 6411
1020 8329
3345 6828
4542 5154
1036 6106
4672 6450
3122 8831
3356 5818
2163 9504
4445 6822
3920 5834
176 494
4236 6392
3003 8776
3553 8313
2906 9663
520 6299
3949 7154
983 9679
5641 7185
4196 7371
2667 4874
1998 3620
8568 8736
2622 8427
3287 7641
1936 2562
3122 7259
1381 3170
5547 5818
6770 8414
1336 7203
1855 5407
1885 2032
1935 6134
4691 9094
5326 7243
2562 8372
828 1147
1347 1383
4262 6677
1539 9270
2899 4264
7728 8508
253 9457
1225 9462
6470 8229
1822 9081
312 778
7758 9287
501 7885
5101 9884
1454 6754
618 2913
1472 3360
1067 5983
786 5441
1101 5518
3020 9786
1965 7712
2018 9498
2358 9536
2560 2913
559 5962
4709 5187
2707 8736
2996 4465
5802 8128
5845 7436
4026 6972
5607 8344
5898 7213
343 3009
2778 6416
1980 4115
2092 3129
2694 8375
5421 5910
1395 6512
3553 3738
671 8632
791 7334
662 2531
3186 6199
685 3099
7646 8632
1174 3448
816 9244
6217 8217
852 7867
5187 9480
3975 8657
1686 3347
4800 7877
1109 8920
323 9997
978 6902
1647 3197
1452 9281
159 8211
1755 5542
3214 9089
2693 7397
2883 4438
8327 9089
417 3928
600 3335
6007 7609
3373 9212
417 8953
3900 8240
1425 6751
4217 9303
601 1852
9108 9875
1834 4024
4393 9796
5189 6093
2809 7107
7557 7704
8277 9365
3231 9403
8697 9380
6013 8841
139 5182
4641 9298
3949 4984
975 2498
3214 6227
877 7166
5818 7723
6346 8119
2207 9805
1391 9188
2301 7094
6280 8939
5128 5415
5688 7637
2072 3571
4117 4317
906 9786
3760 4344
3964 5130
3518 5183
827 1476
4414 9283
20 8737
3214 8068
2110 2887
578 3672
7753 8506
1014 9239
4801 5339
5030 6383
3076 6996
4725 6458
8516 9188
1862 5607
3400 5216
2051 2232
6462 9365
1545 3359
2691 8355
2219 9913
328 4339
8124 8728
461 1801
1137 5421
6558 8213
4671 7906
5241 9787
469 5684
113 8434
3199 5875
7371 9293
1944 4806
7187 7712
4758 6686
3470 9479
2059 6487
3185 9287
2655 3917
6051 7637
3029 8414
2244 2655
5869 7822
7046 8030
3186 4830
302 8616
3289 8863
599 3354
2259 7736
877 8725
499 5288
3039 8399
1613 3323
2398 3990
4562 6933
6652 7054
2545 2584
1023 7015
3765 5691
732 9123
2008 9901
1285 8867
3215 9002
6180 8461
6241 6450
515 3289
3209 3537
166 5539
4360 9040
8001 9364
3689 4192
1497 9959
1277 4418
1293 6833
2414 6118
1853 8837
5027 7773
8675 9672
7200 9231
3600 9959
164 7728
3446 5641
3770 6716
532 6795
1508 6567
7449 7913
7452 8119
1520 7842
1815 3002
1390 9629
3244 5532
3583 5170
2899 5040
1936 7569
3367 9100
2072 5536
6828 8281
4217 8099
4047 6013
281 5538
1286 3975
193 322
5992 6408
3458 9623
1751 3563
1484 8728
1790 7437
7882 8607
1158 1472
6766 7205
4095 6239
951 4363
832 5643
5005 7152
322 5691
1871 9774
1491 1508
647 5450
4360 4746
1716 9270
3994 9613
1947 8790
2349 5629
2916 3005
44 4459
896 2355
7369 7822
2398 9260
3554 7054
2924 3937
3013 3604
9545 9612
4265 7167
6596 8594
7171 7564
2938 5520
3565 6344
3347 5693
3199 9814
618 1354
4633 7961
7199 8499
4629 8602
2215 6227
5600 7888
4468 6935
6675 7361
1596 3759
1400 5719
7468 9814
6537 9287
3174 6001
3738 7337
4649 8902
1276 3515
7160 8947
1763 8288
4523 8725
121 3477
495 9652
2190 7979
758 4746
5683 5913
2939 4820
4874 9796
1155 6386
7218 7882
3469 7241
1565 7160
2694 3470
5834 6206
7345 7939
2744 4467
4513 7851
930 4083
4439 5549
3738 5447
1023 3371
2261 3668
6982 8956
8152 8547
1763 1869
1020 9723
3121 6391
731 7961
4601 7015
994 5098
1383 9064
6206 9523
8133 8233
3408 6860
4836 9984
4972 7832
6588 7983
2594 2910
1329 5846
7436 8351
38 9224
120 3174
250 728
1965 5684
499 9499
3504 3920
2916 4705
7452 7856
998 7773
4217 9557
6950 8822
1035 4694
3767 5389
2746 8327
4548 5486
9200 9934
1939 6563
1897 8717
6124 9728
1936 6924
295 6996
2389 3544
2251 6586
7834 8736
3356 8201
3591 4746
2159 3367
2328 3770
6992 7637
5358 9480
2906 7950
5450 8766
6784 9155
5054 8920
5679 9303
4962 8728
1186 4446
4061 4317
6358 8066
1057 7468
2986 9805
4056 8704
8119 8947
4046 7418
6598 8657
7193 8567
7379 7568
3106 8367
8894 9756
1266 3335
7477 8704
1709 5055
3537 8115
1979 2528
5935 8848
3360 8437
7531 9181
251 7979
737 4987
8805 9258
17 9270
7060 7391
2547 7314
3668 8675
2804 6482
2245 3932
3693 6652
2655 4117
533 2165
66 3751
959 6120
3938 7966
1618 4602
508 4561
6408 8780
1386 7379
9667 9959
38 164
6286 8792
1056 6780
6592 8351
671 7855
3087 4277
3345 6899
3783 6563
1109 3078
874 3469
1091 2500
966 3345
3139 8330
512 4317
6907 9123
3094 4152
1760 4896
6780 9547
4585 8499
8173 8598
1146 6896
4105 8605
3319 6007
4334 8175
471 8725
926 7590
311 2276
8375 9775
829 7951
255 1203
5475 8112
1034 1862
3300 4371
408 5538
2845 8566
7239 8351
4068 5643
2830 3050
534 5204
1186 3661
7773 7822
1265 1817
2415 3217
645 2423
4064 7053
1491 2276
3412 8920
1859 8393
5358 7712
524 5194
504 5281
1435 1576
3010 5883
2529 4280
1234 7141
6441 9712
2798 9077
6120 7966
1283 8620
1354 3076
250 5962
1468 7605
38 4264
6124 6944
6016 6493
4102 7191
1157 1333
4815 7590
2079 2915
8487 8969
472 6473
904 3859
3243 8225
269 8804
1697 7358
2062 2417
4676 6907
5922 7411
3999 9063
2435 7648
2115 7160
1807 9496
2240 4849
506 8038
6837 6854
1855 3625
3378 4046
2906 3518
6488 8172
5305 6353
2431 9267
2431 6555
2908 5581
3975 7590
3599 8042
2924 4575
1979 3193
8313 9381
1928 5223
5622 9384
506 2115
2951 7394
3817 9578
2085 3752
371 1167
8863 9260
5832 7295
3886 5538
3949 5530
3086 7250
3759 4483
396 2525
6744 9209
4491 8843
3468 6957
2370 6650
829 5076
471 5689
7581 7928
8225 9132
2670 6627
1381 5447
2380 8843
3644 7888
1930 9762
1862 4856
3750 7792
2008 3625
506 9330
506 3578
3118 5027
5223 9222
6773 7849
2115 8346
4189 4815
4200 4835
583 5532
3078 3735
2854 9897
1597 4366
3289 9440
4691 7877
1936 9957
5011 7369
4988 5719
3975 5856
9673 9774
9488 9704
3348 5011
1475 6308
2338 7598
2552 6009
5482 9283
7609 8212
7583 9385
4034 4452
492 8431
2100 2906
1969 9731
3393 9188
1873 9209
4488 6379
1639 3174
4931 6206
1020 2876
53 1807
1230 9339
3243 8657
378 8795
6833 8609
1777 8517
4217 6299
234 8884
2893 7612
1574 5607
5247 8365
7241 8841
2032 9835
381 3905
3657 9096
566 7516
916 4068
1871 7203
6587 9959
1421 7637
1439 3349
7959 8456
7773 9205
3208 5801
2361 7479
258 1709
6166 6286
4487 6443
8278 9480
407 713
3268 9027
3583 8931
295 3477
4180 8704
3879 3886
1472 2008
525 860
310 4493
3134 7718
5053 9087
2980 8871
5242 8287
1834 5700
4114 4401
2909 3137
7352 7775
2259 5740
2825 8947
2414 6795
5480 8351
4075 6412
4593 6333
4383 5034
6283 6428
926 3928
7418 7892
2701 3917
6751 9236
5241 8320
1591 8614
2180 5105
2202 7025
3209 5076
2180 8064
8508 8743
409 2319
2387 5544
9193 9339
9132 9712
3292 6512
2493 2691
8620 9318
2398 6003
4964 8066
85 1285
5130 6188
4278 6319
6206 8568
509 5683
636 1533
3784 8285
316 4983
8327 9538
312 948
1718 4457
3699 7160
1763 2474
4672 5242
6106 7618
3934 7098
1211 9480
4595 8284
1461 2048
3029 8412
1469 9190
1336 9282
2240 9488
63 495
3591 4538
4280 7088
4200 6391
4731 6892
928 4334
662 4371
3487 8229
2046 6517
420 4987
4820 9192
6299 7601
471 2939
1508 2276
941 1239
6828 7468
1948 5791
6761 9675
6296 9140
3086 6818
2845 7469
5518 8503
522 9050
1751 7618
2498 8529
2319 5178
1967 4466
3700 5964
47 8037
494 9548
6563 9592
2248 4684
344 5934
4670 6828
5845 9644
358 9244
1034 4493
1545 6633
5428 7987
1855 9050
2347 2521
85 8657
749 3295
8819 9224
8385 9063
1215 9930
4369 8884
5182 8378
5658 7139
417 2531
60 8437
722 998
7674 8431
1659 6443
585 5957
1873 8281
4856 6227
409 2431
1937 4497
8776 8841
4689 9260
6443 7822
5535 7160
3292 4196
508 6106
2620 8586
2171 3760
1991 9500
618 7088
2838 6464
4723 7536
3770 4568
8211 9933
6051 8529
975 7983
2916 7822
656 6076
1256 4800
434 678
336 2063
310 8434
367 8801
3348 4984
4152 7600
1779 8064
1109 7128
2678 7373
4997 9548
560 5753
3354 6485
6228 7648
3840 9762
2476 6960
1943 2694
4709 8281
7015 8061
4675 6627
1283 7117
8494 9303
3770 8496
93 4152
2319 4730
5401 6860
5257 7125
165 877
2179 5589
2874 4109
951 2916
5458 9500
1411 3692
911 2881
8862 9625
6558 7400
8431 9592
1774 6064
3456 4694
1031 4244
1146 4521
5125 5714
998 1491
6107 7337
258 4876
1127 4517
3005 8514
362 791
7951 8494
3122 5660
2141 6679
7723 9930
6997 7176
4737 9444
3841 9244
1742 6646
311 1979
567 9015
1571 9053
1767 5058
951 2781
3880 8228
5679 9592
666 4962
2898 7706
605 8741
2576 5829
994 5055
3342 7473
5890 8538
2181 2956
7176 8458
4466 8225
1491 2528
2213 5688
813 3048
4353 6573
932 4874
835 1534
3197 5834
782 2608
671 1250
8892 9129
2115 8805
2157 7590
2059 5423
3117 5867
95 5673
1411 2497
5358 7773
678 2398
2262 2986
5835 6671
1823 6591
171 1307
3215 4217
3057 5581
574 7622
463 8515
8320 8991
5890 9280
463 1815
2445 6780
747 3171
3243 3886
3486 6987
5362 6239
4217 9696
2474 4089
3672 7705
4207 7130
2667 9385
572 2141
854 5401
4502 5943
4805 9935
2916 3348
970 6358
6227 7426
5549 8902
1751 5482
998 7243
4555 9271
196 5117
2477 6373
485 535
1855 4276
1716 6805
2470 5574
7924 9006
2781 8514
5326 8119
1203 3899
6641 7218
791 4333
975 1937
2115 5535
5555 5741
8563 8797
2452 2664
459 749
7241 8212
4857 8868
3657 8440
3324 7733
38 8284
3868 8996
1207 7883
6443 9129
6737 8050
1687 4464
2664 5525
5027 5949
7158 9930
7397 9094
2498 9894
3137 8758
9238 9523
5523 8315
448 1502
4692 9139
4672 7951
999 9280
1801 9497
6555 7119
5699 8503
4885 6302
3648 8183
1639 6124
7153 8218
5538 7216
2620 9654
3292 3964
3985 4632
553 1484
1801 2901
541 5535
6155 9949
8128 9165
8556 9311
2529 5917
5398 5637
1307 1751
459 885
6403 6972
786 1785
3597 5482
1295 7727
885 5641
5401 6664
1928 7429
7383 8617
2150 2269
5173 8913
1255 6487
671 3796
2560 9303
263 5182
4414 6106
1233 5920
2887 8104
1877 8456
3118 3675
678 8224
751 5641
2560 7605
1601 3639
1751 8863
5949 8064
4684 5658
3214 7245
1936 5339
3329 4983
4937 8782
3517 7250
3275 7880
6686 9490
950 1167
2916 4815
3249 3310
3050 8884
4452 7882
5055 9500
1871 7437
7095 7359
4674 7568
3005 7056
2670 8499
2248 3920
409 9835
2110 7077
665 2951
2259 3504
8281 9181
2159 5121
879 2881
261 9834
4468 9894
662 7154
95 3342
6556 7799
875 1377
854 9444
3723 8729
837 2923
95 6392
6256 7210
184 4591
2456 9471
3050 7125
2608 7419
2700 6199
1837 5818
7370 9593
1615 6558
2022 8541
2280 5753
5037 7447
2623 5291
713 791
2951 9897
352 4759
3214 6998
2246 5480
1521 1572
9488 9994
7928 9787
6978 7346
2429 7099
277 6366
257 2010
5242 9592
3028 6441
2261 6795
4675 7199
6240 7622
4212 9597
2910 3591
4224 8912
3539 3613
6048 8209
140 4717
1026 9640
780 1921
44 6158
68 6751
1491 6360
1639 8728
2899 5978
1817 6328
1856 6027
3076 7625
6907 6987
3527 8104
5980 9774
4119 7904
9645 9949
1615 9040
4997 9984
1760 2560
6241 9557
2252 3949
2892 5509
7473 8725
7744 9260
5399 6120
2328 6716
4672 5076
2664 9570
6869 6952
8486 9630
111 9592
443 7047
2655 7995
3800 7646
7397 9933
5120 7176
8150 9132
2344 8579
8133 9912
3763 8212
2200 4692
975 5534
2361 4468
786 8434
2546 4507
28 3029
1019 9959
5292 9034
3523 6978
3498 8285
3319 7047
403 5729
919 1611
5281 7067
4428 8130
5590 9592
1643 9643
1365 8217
2975 9928
4296 6824
154 7383
4372 9930
1215 7205
4320 8728
5144 7369
1979 7452
1673 8067
5486 5568
2187 7395
755 2657
19 5013
5968 7235
3654 5980
1727 3647
6535 7491
3319 8517
4046 4192
1599 2088
224 5144
1623 2930
4681 8022
3015 3967
4259 6827
8145 9222
1093 4727
3524 7420
4737 5745
92 9805
5683 7452
6838 7852
5542 9444
111 1208
658 4537
6905 8909
6206 7814
5415 7450
722 6166
3106 5673
2781 3589
4999 8271
994 5555
4730 9450
1615 7130
2913 5590
8375 9479
5094 7718
2924 8632
5669 8997
3811 4479
11 8852
9283 9672
2507 6968
5227 6837
409 5755
636 846
5441 9260
2682 6473
5845 8213
7916 8412
7147 8506
897 4874
1228 6254
6446 7676
3693 9015
3622 8824
4796 9969
4152 5509
2775 4152
8011 9105
2284 9140
3231 7152
2608 5089
7444 7995
2576 6567
1763 4089
5120 9270
3058 7622
4705 9093
2065 5757
3042 7724
1867 5960
3170 5957
110 8425
2008 8547
2097 8620
1592 5862
584 2835
5589 6219
5854 8728
298 323
3348 9488
5154 9211
219 4403
7822 9093
2276 8660
6978 9987
662 1937
53 5360
261 4538
4643 9536
767 4696
7447 8614
1618 6351
1358 4693
4401 6159
998 3668
8566 9577
915 1790
474 1936
5108 9267
2301 7581
1394 8210
219 5978
6670 9381
4507 9828
6891 8545
2558 3375
3900 7951
5980 8737
7056 7568
2906 4520
283 2141
3048 5089
2913 3215
5689 6818
1484 9728
8938 9613
8805 9936
4166 4508
2829 8283
474 999
7882 8614
5007 7054
662 6592
3452 5714
1979 5415
1411 1679
806 7318
6670 6935
2092 8225
312 6105
8529 8568
3537 4309
95 7031
3197 4034
346 8011
1219 6996
3724 5320
1079 1697
2769 5819
4460 6624
2773 8021
1583 9499
7853 8572
532 7773
2928 3430
3002 9098
507 6341
427 9244
4155 9987
4982 6306
2269 3686
4372 6054
3693 9577
1298 2888
5482 7447
4027 5943
575 8758
4493 4746
6360 8119
287 6495
6783 7704
8579 9504
4973 9496
6664 9190
1855 5362
2773 2786
443 6007
1078 1445
2213 7169
1365 4881
1215 1801
1825 6441
5732 7815
3 1047
4805 9258
4733 7899
2326 3739
8167 8353
4387 4848
4683 9680
1443 8217
1937 8873
3192 5835
3003 6837
1439 1829
1421 3100
5197 5688
572 5978
6487 6801
3000 7728
819 1015
4712 6627
3673 4848
4931 7882
37 3208
4520 7899
7074 7112
2213 4344
828 8431
828 3783
586 4674
558 2895
502 2066
1924 8216
2145 5920
1980 6164
810 8205
1466 9349
5678 6087
2809 5899
6520 7185
4856 5607
6345 9181
177 1266
92 239
85 316
5320 6129
583 2316
2324 5868
1969 9568
8743 8822
2214 2966
8388 9328
2295 5479
1869 2234
3591 7852
1109 7054
7609 8271
786 2746
3466 7517
4790 7015
1643 3279
5333 6730
4591 8795
5523 8399
806 3009
6159 9104
2671 4996
297 3576
1092 9512
583 3310
4407 4644
1736 3589
4772 9640
485 4080
5819 8876
1137 3284
4387 9043
4061 7072
5108 9835
371 2712
4717 6124
4984 9040
4688 7906
2645 4483
2627 6306
7142 9623
700 8259
3287 7139
2293 7062
6744 9762
998 1203
3639 5821
817 1083
3920 7490
199 2995
2266 5829
2086 4940
2995 7352
184 5838
2298 5193
1265 9472
7951 9138
596 7905
5941 9788
2825 8375
2606 9211
6289 8638
2693 7255
2820 5683
2560 5590
5563 6416
1948 3289
3722 4070
5899 6686
2159 4061
4442 4763
4430 5586
4683 8211
492 1313
2781 2916
3573 8539
827 4280
885 2931
3279 9643
417 5130
2910 3949
7241 7609
4926 6977
7181 8996
2031 7324
32 8286
2507 9093
4383 4964
4430 7574
1855 8563
2916 6443
5071 8240
926 6598
1709 2581
1411 6604
409 5170
370 2445
930 9349
3402 5334
346 7718
5236 7517
5899 9129
2276 4805
1277 9704
926 7094
1421 9894
4683 5607
2939 7912
4222 8819
3700 7497
5244 6346
5883 6107
1969 2496
7667 8516
1869 2474
4321 7213
7194 7253
600 3538
1740 8800
4684 7139
2581 5943
3300 4481
1939 8668
4117 8989
2115 8660
5673 6112
4442 6181
3647 8824
5183 7119
1814 7158
656 7599
4253 8138
2244 7666
7590 9403
4800 9441
1873 1930
287 8912
6085 7202
4119 5757
3738 7885
1673 1755
4278 7714
184 2423
1113 2251
294 4973
1242 3243
749 4096
671 7352
1284 6664
3949 7436
3348 4849
2008 7886
6905 7935
1611 2693
1711 8104
5589 8632
3134 7674
6359 7799
6681 7699
4434 5829
4758 9597
541 637
709 1383
4811 7396
2670 5641
5257 8618
961 8831
6671 8281
5738 9457
6760 9211
1779 5949
7405 9428
6227 9371
5423 9933
1770 8397
9465 9934
3070 8953
2594 4746
799 1770
5246 7166
1774 2742
9094 9597
6704 9731
6818 7473
5055 6604
3391 7469
509 5913
6495 7185
8211 9739
1109 2141
4106 8205
2742 5829
3802 6848
1345 6800
2163 6163
2916 6415
521 9185
950 9004
2755 7916
4982 7609
5313 9852
2423 2656
6227 8956
2790 6747
6598 7242
1512 2489
2945 8239
751 7185
978 9270
4421 5205
837 1639
3391 7885
2539 4217
714 2423
1611 8175
2878 9959
1109 7724
6562 9403
169 9560
120 1092
1781 7026
2505 2914
1948 6744
1514 5324
2115 2820
854 5992
3041 8805
582 1361
1220 3693
6085 7420
3985 9329
1753 4874
2765 4821
6120 6895
9495 9632
396 5563
1466 1936
2309 8681
2938 3150
1615 7154
3102 3487
7637 8529
2623 6464
3800 7855
7773 9094
4416 7411
2720 7581
417 2452
6518 7587
2908 6214
5232 5337
716 4856
3041 9548
1015 5233
3703 5330
3171 9807
2901 8201
2481 7026
791 4728
150 430
3928 9712
7426 8068
7590 8933
716 778
2266 2742
3900 4217
561 8054
9480 9739
5423 8362
3992 9425
786 8527
139 6719
852 9444
4383 6730
4503 7379
6108 9222
266 2093
7855 8632
3182 6978
3243 4815
1597 7075
1532 7210
5076 8494
1203 7651
7786 8143
5681 9796
970 7583
5969 6920
3348 4309
4317 5755
1105 2143
4636 6298
3569 6142
4411 9494
717 6935
3783 5094
1949 3074
5080 8972
7466 9675
1521 7132
140 6403
1286 8697
7981 8767
1124 5658
5350 7724
4938 7936
1994 2924
2344 9504
5187 7773
722 1755
6317 7046
144 5345
2773 3069
5267 9215
2912 5154
4636 8327
1067 7786
9051 9918
1109 6470
818 8843
4445 4816
5663 9643
585 3003
1939 3134
3986 8372
656 2469
2159 6905
8632 9280
5345 9682
275 4148
2240 3423
3392 4772
4414 9988
566 1219
6972 9381
7469 9298
4690 5010
3853 7216
522 9209
647 8789
1318 3777
8239 9717
9105 9592
6591 7637
6650 9013
4851 9546
4905 8355
5415 7856
2002 4934
716 9791
4466 9730
5740 8566
2573 8933
4798 9845
926 8150
2948 5357
3937 7885
5098 8780
1355 8425
360 7624
537 8766
3324 6403
8726 9286
1293 5254
1248 9974
3802 9054
3214 5530
506 8996
3337 6872
4105 5668
5236 7178
7771 8084
1414 2711
4997 5913
3760 7396
483 4155
1228 8209
6296 8508
5111 8021
1885 7371
2403 4393
717 3391
4046 7987
856 6720
954 9495
1206 3963
4860 7503
9557 9696
2835 3631
509 5542
5818 9064
316 3964
6016 6470
4464 9791
5388 5572
1424 3589
4121 4523
1208 6563
822 8239
5834 9523
3349 9332
1520 3986
3292 5183
2194 5643
5957 8511
930 999
1494 7721
2915 5552
1265 8649
231 1157
4452 4811
2361 6206
585 3755
7172 7858
1355 4064
4094 4503
3504 7490
6999 9015
4446 8508
2084 8212
4276 4758
6351 8989
4633 9909
7369 7397
8385 8496
4523 5922
7194 8618
502 7185
5212 7723
161 6538
3668 9224
6784 8632
7232 7939
1994 3796
3289 9224
4155 7666
472 7094
1491 1979
4128 4866
2063 7758
2696 9373
1415 8109
327 1480
3739 7935
110 4633
1471 6366
778 4635
1739 9913
3381 7852
196 1867
4283 7564
1514 8514
4394 5055
1215 3588
2172 3631
6341 8584
4706 7202
1062 7378
1455 2915
4876 6107
5845 6458
7199 8759
2240 4984
4189 9577
716 9260
4442 4982
110 4720
2079 3319
7396 7447
2029 7156
584 5554
4424 7888
852 9936
6525 8648
2027 4539
8782 9835
4733 7418
461 499
328 841
786 812
520 8657
4452 7447
3504 8566
2525 7199
5407 9762
6446 7966
842 9640
1781 4492
3012 9160
4061 8956
3920 3937
728 8205
4696 8525
1121 7718
1475 2264
6939 8434
870 5590
506 8805
4434 8119
3726 7758
1078 4342
6573 6576
2627 4047
1484 4717
165 293
1277 5561
4600 6439
4375 7438
3928 7216
2809 7397
2468 3546
553 8588
3378 4733
1931 4615
6112 8237
1967 6598
4047 8595
6674 9496
780 2330
751 2670
2496 9731
3 4407
1596 8442
3853 9477
5414 8152
1146 5257
999 5572
4468 6061
4683 6715
5600 7706
6159 9660
316 4829
120 7361
2938 3914
1386 1736
224 4758
815 1023
1736 6756
1939 7683
5011 9707
2567 7779
1856 2172
7396 7814
3987 4152
3888 7586
3215 7025
2924 9671
919 9704
3770 6344
3967 9349
4170 9210
4102 7978
1252 7114
4498 4639
7314 8609
999 8729
461 9497
108 5947
6686 8814
2412 7373
3001 8945
3343 4344
4274 4852
3744 8697
1158 9762
7849 8314
5753 5962
6349 9202
1399 3466
3680 8172
998 8863
6854 7609
3356 5547
5509 8618
657 4497
9105 9280
1219 5846
1324 6999
4464 4750
97 816
1361 3802
4493 5845
6619 6627
1433 2908
994 2581
3477 7786
2234 8425
4097 4977
2705 3106
6488 9630
2975 3145
4808 6025
93 4064
5216 5313
9043 9074
4644 5347
2938 7646
2110 9665
219 5027
2349 3125
6351 7666
5840 9557
4064 4521
2343 9222
66 7209
3289 7532
3790 6752
4119 4280
288 5899
1611 2744
575 4217
1994 9933
1147 7674
5246 7473
4387 6065
1491 9258
1948 5027
1755 6504
685 6704
2664 5893
2809 8863
6744 8320
3244 9158
3739 8909
603 1717
6818 7250
430 1935
6838 8508
2994 6254
2845 7885
8031 9015
8771 9023
2951 6753
8284 8675
4691 4758
4705 5187
5902 8514
255 7786
1711 3196
2202 8240
5669 7259
1960 8280
3618 4905
7724 9873
6163 6470
5325 8517
5843 8940
786 7202
3527 9673
6233 7597
7822 9828
1399 5710
682 8759
1697 5384
4026 6924
6027 7125
7367 7674
1939 9280
1248 4865
1114 2810
1005 5436
8220 9295
837 2056
6299 7242
323 5943
5535 7181
6189 7391
1365 1790
1933 4290
1524 2190
415 9643
6166 8747
7590 8225
8210 8801
1615 6838
2711 3546
268 4688
6978 7584
1121 6730
7195 9682
3890 5227
4800 9623
5714 6274
1457 2975
6415 7379
3477 6308
7377 8496
4856 8211
1632 8239
6158 8891
8171 9563
926 1285
8767 9597
1781 9902
4962 7171
67 2029
1960 4161
658 4997
6582 8625
952 7773
1023 1912
4668 7995
1384 7473
897 6935
8075 8126
1527 9023
4364 5846
110 3091
4430 7047
4670 9318
666 7599
537 647
4202 9986
1234 7425
8892 9380
3735 5246
1368 7748
8486 9138
2560 9696
3597 5027
2474 7711
636 5352
3986 7314
700 7241
1936 9208
1252 6524
6109 8395
3100 8736
5447 6837
5922 8759
1898 6007
5741 9328
1930 8503
5121 6579
1277 2693
1936 6972
8795 9947
1365 5486
1520 5339
1395 3518
5732 8494
1709 6408
5326 8379
4800 7443
737 7939
4845 8565
2539 5679
2141 3412
224 9597
3765 6441
7473 8538
1751 3356
8213 9140
6287 6306
1211 8892
856 3982
2252 8508
721 4155
978 3738
3892 4802
2513 5011
2707 2910
5076 8717
2807 8147
3680 6296
3162 5142
8873 9318
575 8511
6346 7600
811 8377
3392 9862
832 8963
8811 9224
7335 8054
2165 4727
2498 6591
1394 9009
6309 8603
358 2623
5013 6158
3348 9094
3632 3703
286 1098
396 3569
749 6142
4672 5679
1081 7213
6432 8171
4155 7493
2914 6206
120 9512
4829 5125
3118 5791
7204 8344
5071 9592
767 8525
2355 2487
3553 9064
5458 8093
1630 5694
471 7166
5094 9280
1623 3819
6155 9645
2774 4772
2809 4034
2244 8239
5479 5755
1837 8521
1461 8156
281 9934
657 678
1368 6438
3183 9479
298 6166
4874 7158
2078 5534
50 7927
4060 5536
5040 6106
512 7284
7581 9787
1499 8287
5246 6003
1539 3287
1439 9155
3432 6045
2937 5324
224 5187
1067 3900
3177 6580
3862 6163
1067 9557
2781 7916
4431 9280
2623 4585
3973 8368
2445 8583
2909 8629
4322 8201
2901 3537
3514 4816
5587 8638
3900 9303
3479 5013
164 5482
5536 9380
1439 6359
501 2781
6461 6899
4224 4675
3372 7799
5920 6344
4805 8660
1094 7033
443 6837
2215 8902
8313 8981
1880 5682
3477 4781
4083 7208
7856 8805
2276 6567
2276 2820
4548 7718
6124 6961
344 4148
6411 9377
749 4675
4075 4984
1031 3085
6360 7450
367 5905
409 6607
1203 3437
6784 7156
2187 3112
3796 6387
4403 9969
1469 3700
6795 8743
4712 4802
7084 8508
2086 6902
3137 6854
5102 7432
2319 9450
4874 5745
2051 4896
645 1599
5052 5726
562 6905
3618 4983
492 9105
3898 6795
4635 6227
4096 6349
4315 5714
575 3003
1739 2219
5215 7885
3205 4610
5619 7640
516 3517
3637 5743
3324 4320
3173 9032
9015 9471
4153 4428
5819 9000
2778 8833
1295 6065
2207 3504
700 1381
7397 8767
5182 8958
4253 9614
4034 8743
3809 6109
6579 8909
637 7651
3578 5415
3625 5407
371 9798
3905 9636
7128 8744
6730 7437
4106 5962
6206 7705
347 5673
854 5098
4350 4468
7856 9053
2765 8201
9388 9483
7132 8615
105 600
5105 9988
164 4595
298 5542
3412 5753
307 2261
7202 9491
420 4865
4829 7463
3259 6895
276 1200
5834 9973
92 717
313 4180
852 9548
4526 7250
474 9719
3518 6555
700 7609
1663 8656
1203 6373
6922 8744
6379 7138
5011 8211
4247 4805
2809 7115
3094 6083
3739 8399
1468 4217
1047 2443
5194 5236
3209 5679
2000 8201
4442 6163
6199 6485
483 6099
3686 6257
3241 5397
7815 9396
1494 3900
8240 9013
2928 6536
5572 8230
3353 3891
2172 6027
4758 8814
2809 9739
5651 8725
7519 9999
826 9053
9064 9270
4758 6345
6555 7096
7334 8699
559 5832
3289 3898
4196 7096
7025 9696
6302 8295
3982 5685
2634 2794
2545 3604
7506 8274
1077 9916
1644 9597
2596 7515
2213 4350
829 6241
5350 8378
3862 6016
997 2265
8515 8863
336 1329
5043 9696
3985 6619
4672 9557
4434 9698
4644 5536
7415 7885
2835 7077
5017 9472
5338 8326
2265 6114
1763 5213
3470 9775
295 6373
4121 6154
91 6822
8138 9634
239 1386
2101 7995
5358 8281
1227 2862
3292 3378
6360 9258
5085 9500
3313 7655
1421 5688
3026 9752
7651 8805
1219 4119
1229 7139
4047 6341
7624 8125
1023 8833
1486 7832
1250 4792
3702 4360
2944 6562
1693 5597
6458 8525
5089 8745
913 9731
89 7033
2970 5694
3898 7107
5509 6896
1365 1871
202 410
7447 9318
1751 4217
731 1512
3982 5082
3547 7044
427 7199
6992 8607
6064 7243
1186 4025
6729 9040
2393 6446
3914 3990
951 8566
219 8284
7493 8989
1476 5846
799 8978
2881 6642
3762 8379
253 5179
572 1325
4344 7396
1565 5535
965 7388
3647 8484
1174 9047
6627 7199
2171 6641
3563 9205
7130 8213
3840 5699
1948 9401
1252 4110
782 1770
2775 7995
978 6805
9450 9560
5806 9953
8822 9224
2773 5111
4110 9260
3268 7609
8365 9064
1235 2509
2066 4380
5192 9941
5683 5829
2988 7939
6349 9534
175 7583
9129 9181
8643 9089
4452 7396
1967 7590
32 120
5120 5447
5590 9557
1197 7569
2914 9717
599 5718
4648 8055
964 5509
6563 7437
11 4233
3292 8657
5227 6306
3732 8406
966 5835
5247 9457
1492 7073
139 2241
3784 9577
17 4696
2213 2498
4189 4674
1770 8978
6935 9805
1603 3259
5011 5187
4962 7361
1293 9986
6524 7114
7556 9933
3241 4549
1744 8206
3520 8030
1814 7250
362 713
3076 7758
4940 5738
3125 6296
1956 6677
51 5555
1307 3989
4691 8803
1186 8376
1367 3173
2180 9988
3028 6301
139 2287
3679 4674
1829 2011
2194 6597
7381 7468
925 7598
2549 3622
7748 9643
3516 9319
1825 3886
5257 6896
5111 8236
4845 9267
6019 9643
3890 5586
1885 2906
358 2670
6716 8496
2469 3209
2655 4166
4372 7771
3420 9758
417 3150
884 4147
6003 9011
1039 1390
2594 7084
2830 8425
3525 7612
4327 5217
4836 5710
2011 7395
7185 9244
140 5854
6105 9723
6360 7651
2910 5845
4024 9652
3984 9623
2284 2671
4446 6838
1508 7856
9011 9050
2418 5673
766 4152
1355 7711
7438 8346
4096 9439
7618 8822
483 3345
199 4671
287 5563
2244 3917
3429 3440
3917 4481
4383 9673
2799 3243
4615 7928
2343 2444
7053 8425
5415 6096
3000 4322
829 9557
1884 4187
6885 9302
2117 8414
4152 6076
3765 4217
502 6416
130 8579
3489 8997
3783 7674
2670 8953
3900 4672
5054 8205
5671 7147
1109 3776
3702 9386
7361 7733
2916 5187
4984 9096
4265 7178
5326 6064
2829 8618
4615 5694
8831 9954
239 8031
6051 7396
4690 7957
2264 2496
6672 7878
4521 7125
4811 7814
794 4421
912 5170
8414 9930
3745 3760
237 3787
4416 7473
6607 9450
5111 8128
2190 3748
3343 7908
4558 9660
1666 4536
5011 7531
3819 7578
8242 8274
293 2398
3760 7637
4371 8989
7047 8629
713 4728
4952 7981
3900 5071
5677 6597
228 7096
8211 9129
3393 6114
2100 3220
7790 8278
575 3209
3319 3771
1739 8894
3437 8660
966 8281
2259 6935
2505 2967
4828 8201
7218 9973
3220 3292
5130 9629
2429 4668
2112 5121
551 5324
295 336
4858 8920
2901 7951
2194 9123
5922 7473
4339 8789
494 5098
2701 8989
2233 7074
2112 9074
4015 6164
6092 7245
1908 3624
452 4658
3009 7178
1859 7655
316 8144
3392 5288
2449 8079
3050 6890
2465 8138
351 940
1667 8579
288 4758
3469 5684
8110 8758
2051 2539
425 5092
4624 6907
4075 4334
1725 7245
1030 9251
4631 9287
8079 8611
3723 5339
709 4940
4491 7077
5801 5828
4584 8956
4899 5226
4848 6780
1377 1823
4299 6987
6391 8755
4584 9330
5089 5419
5215 6537
5292 7159
385 2344
336 4364
6998 9644
293 7473
5651 8374
4834 9007
6591 8607
5281 5753
3009 4584
2328 7360
8201 9165
1888 2278
2552 4401
522 3345
678 4121
5536 7773
6961 7564
7536 9909
7822 8278
1948 3625
1019 8118
164 4264
1974 5532
1565 2266
93 4624
874 4731
7047 8758
3228 4512
3894 5757
4502 8598
1268 5582
1520 1936
7842 9719
998 8379
1477 7706
1339 5215
1937 5534
1220 4853
3770 9632
4240 6693
3641 8079
524 7178
120 4026
5563 8912
5366 5916
538 4720
4697 8677
617 5967
8367 9873
3015 6344
6064 8805
1767 8211
311 2115
2246 8351
3625 6828
492 4881
6054 8201
3990 9460
5834 9015
930 5151
6286 9500
4364 6373
19 2800
60 426
3402 3792
966 3252
1245 4728
6228 9543
6132 8205
2712 9004
253 6997
5250 7723
6567 8947
483 2244
1215 2901
5552 5764
2393 4683
1849 3991
7882 9973
3041 5741
3279 3632
558 3630
6002 9918
2429 8618
492 1443
714 8539
463 9479
4487 8211
1242 1384
2594 3591
3342 6003
1227 6113
4999 8776
7647 9231
1057 8547
4984 6838
1562 8090
3002 3470
7856 8947
4283 6076
2904 6344
2901 6393
4148 5333
899 1177
8324 8997
5913 7867
930 3967
3982 4821
4098 6596
1666 9892
3900 5076
2008 9318
395 2868
1492 7291
6518 8392
3693 4189
1421 2213
520 8867
1825 5943
1613 2671
773 9135
6818 8725
2809 7715
1855 8437
5568 9774
4119 8894
5288 9051
852 5913
4468 4479
5755 7519
2154 3256
2691 3618
3693 8031
3656 3727
2865 5712
2263 3121
5574 5821
7094 9723
2122 3759
538 6090
3077 5600
994 3692
7885 8448
751 2778
6686 9129
1527 4526
3002 9441
7115 7531
1708 9835
4497 7396
1673 5741
2628 4792
375 5518
4940 7723
4299 6597
6580 7377
3225 7368
6752 9987
4830 7260
8494 9557
5978 6106
361 4253
3222 6228
1220 4114
4874 9023
932 5681
560 5356
1230 4309
17 3821
281 5955
575 6650
566 2477
3349 6556
7715 9129
1186 3287
4523 5651
4566 5673
4952 6345
3327 9588
4525 5962
4309 9339
3750 9805
2211 6702
91 6582
5131 5491
5683 8996
1898 7300
6627 9825
4595 8508
2809 5978
1067 1466
1599 8978
5421 9755
5277 7516
5333 5486
1834 4083
2521 7769
2529 4636
202 327
2259 6756
2829 6219
4507 6972
5019 5664
3000 4988
1873 3345
164 9205
1365 8668
751 5563
3134 4548
1146 4668
1384 9192
1220 6049
3395 4728
506 541
4312 4715
515 5322
7055 8894
2781 3391
3095 4856
5078 9554
7468 9011
3999 5563
6236 9483
9789 9796
111 5109
6843 9224
541 9698
93 2474
3597 8284
2498 9318
4723 8358
4452 6992
4696 8051
4170 5246
975 3745
2423 8063
4418 9830
8728 8975
6968 8814
110 6076
5075 7360
3416 5714
8792 8805
2246 9412
8743 9205
506 3739
916 6987
5688 8568
2063 2219
566 1215
3877 5549
3537 7951
509 5555
2138 5011
2466 7411
1092 8313
512 4061
7728 8064
463 5668
336 7642
4100 8929
4072 4671
49 4569
2945 9512
799 3573
7369 9933
1476 7786
3873 8961
3477 7088
5179 6902
494 2581
1644 4166
7590 9132
794 9663
2141 3078
5943 9380
3890 4017
1994 9852
1348 7575
4508 8407
767 6838
3692 5741
307 1965
6446 9791
2594 4446
3739 4481
8217 9105
7107 9205
224 4709
4502 5538
6450 7951
802 5352
7723 9270
3070 8225
2115 2576
3444 8726
3949 6458
1345 4056
5879 8822
427 2670
7583 9813
2895 3630
4595 7011
3935 6860
3170 8841
856 4821
2798 9700
264 8437
6099 8320
827 1739
3638 6535
1611 2563
283 1644
4559 8470
541 7452
2994 8982
4217 9592
541 722
9192 9295
1206 3944
5479 6264
4876 9457
6344 7314
1937 9365
4709 6968
3840 4670
6054 7723
7450 8489
12 6508
5572 6907
5232 9290
7821 9132
1444 6045
3578 7856
4242 5288
5433 6694
4320 7361
6163 7128
5330 7709
1028 8376
5818 8365
427 7594
1173 7666
859 7086
950 5600
5281 7690
2155 7231
1647 5688
121 9964
7447 7705
2248 6551
5662 8320
1834 2244
506 1399
584 2887
5012 5917
5818 6697
3137 4999
6902 9270
2802 5835
2937 8514
2507 5423
2344 9663
6838 8351
1047 8100
1486 7913
6360 7181
7311 9586
22 722
3805 6240
67 6359
1618 4100
5755 9257
417 3975
111 1313
2497 6086
1824 2995
417 3964
2906 5183
3917 4602
4177 8629
6198 7083
3776 5962
4595 8811
6461 9318
3641 9500
2916 8566
7605 9002
3625 6744
171 3368
6227 6960
91 904
3755 8110
8068 8344
834 1145
7564 9512
6652 9298
7856 9935
6641 8736
2655 4061
541 8947
6627 7594
512 8315
3917 6351
2171 5324
3877 4225
338 7400
2904 4568
1083 6140
4466 6664
1399 2112
8477 9087
3410 6987
4712 6640
2742 8805
6124 6670
1203 6360
3516 9089
5009 8213
3342 9756
1921 7550
520 3964
5120 5738
5899 7397
2194 4624
3214 8344
7176 7717
2219 4699
2159 5236
1215 3029
2874 6321
4439 6227
3638 9462
1067 8287
3039 6022
6096 7452
799 9011
288 2916
6538 9904
137 1155
5875 8320
1358 6450
1574 6105
1834 7208
6665 8378
3613 6144
2318 7948
3070 5856
9341 9870
2022 7431
8593 9643
3070 3886
4189 7490
7436 9040
1630 2876
873 4639
5125 7933
1965 7908
1779 5105
4670 9011
1618 8320
3071 7888
897 5740
2573 7044
1234 9332
6650 7786
4512 8909
2248 8285
8399 8559
4155 4508
71 4513
8063 8539
778 7966
885 5961
5263 8274
5978 7773
2232 5071
6240 8397
3174 6670
1109 3412
77 6773
7075 7107
6310 8975
7569 7842
3101 5600
5558 6383
427 682
3458 4471
5554 5818
71 8839
786 4420
3330 9160
3300 8065
828 5486
3762 5791
2417 9015
5009 8508
4081 6341
2051 7951
6023 9499
570 4515
396 3446
5326 8996
2838 4224
4453 4535
1004 7791
3639 9504
3688 9015
4481 7493
6818 8538
1611 4309
656 4717
1395 9450
7071 9372
4709 5358
6555 7899
978 8365
335 2313
2931 5961
239 6151
5482 9523
1889 5806
12 3078
2895 8353
3657 4594
3193 5790
4130 7153
1498 6358
3432 8207
2648 8817
4127 5196
7549 7593
9260 9986
8412 8929
959 7349
4896 5732
829 1468
3041 5943
116 1187
3589 3937
1004 5664
671 5589
3693 8285
7369 8892
85 3292
7287 9439
3243 8173
2496 9260
5144 7715
409 483
1936 4320
4732 7588
6866 8657
611 5233
7169 8568
159 6939
3527 7924
2876 6105
885 1109
1887 2176
4445 9568
2525 6142
512 4602
1512 8866
312 3877
367 4649
2248 3287
1167 2506
2141 5350
2345 4706
829 2901
1384 6624
4360 7130
7346 7358
751 2623
7871 9827
829 6980
3319 8758
8277 9892
4202 9105
3051 9957
38 219
5223 7429
3750 4189
3287 6393
501 4815
2525 2623
95 165
1232 6240
2304 7094
6346 7221
6671 9050
2996 5091
2276 7450
3319 8595
3345 4670
28 7205
92 4179
4689 7744
161 3033
3986 5700
1055 7908
566 7205
4024 5151
4383 8668
1395 7096
6349 9045
3214 8351
97 8759
9416 9877
2809 9224
716 6715
1208 1939
288 7369
1293 3733
4931 5534
3755 5227
1618 8315
2582 6795
311 9935
2600 6664
5151 5700
255 5714
138 3382
1443 7437
3760 7814
3692 5458
5388 8061
2396 3672
5482 6950
4166 5479
7717 8458
5037 6591
2547 6344
2469 7786
749 3458
298 4997
5101 7491
2627 3268
2046 5026
5835 6828
3563 4414
125 3630
5105 5791
336 778
93 2101
7095 8790
9022 9189
9560 9640
3928 8657
7239 8343
1057 1158
4430 8271
4152 6896
926 8657
4189 8514
5445 6938
239 9362
4821 6261
7896 9540
3699 7450
9936 9997
3841 7199
4595 6358
504 3620
7084 9964
700 7086
5448 6120
1491 3437
1527 9813
1898 6837
1365 5094
4984 7154
1871 5109
7605 8240
5679 6241
4212 5358
2194 3217
6686 7337
4372 9752
7176 9457
3518 7899
978 8448
2937 8744
4585 5922
492 9774
8038 9330
1162 8848
1285 8933
4102 9178
6345 8281
8119 8996
111 1121
5867 7537
4562 5904
5689 7912
3029 7723
717 5834
7494 9917
1829 9545
2041 5745
4046 4733
5694 8305
6046 9819
2029 5216
67 3822
3217 4676
897 3040
4984 8119
4696 6296
4849 9994
738 1597
5913 8792
1776 3292
8172 8486
3877 4459
1632 8878
2686 6743
2874 3070
828 1313
4480 7293
3553 6107
3137 3170
1508 7181
1004 1693
5216 8632
4845 9358
3348 8814
3126 6077
66 3087
3693 5834
6579 9330
4429 8376
2425 6977
3811 4686
3724 6069
1758 4464
2112 3009
7025 9592
2086 5738
1780 4201
7705 8614
3227 4405
6165 7675
3744 4100
4034 5978
3348 8521
5273 8054
360 2018
1608 2323
4584 6579
193 2573
4699 9880
1238 8498
4217 7951
2445 8712
8286 9159
3751 9974
7359 9123
998 4247
2904 5700
6106 9016
6646 7337
215 7250
3118 5540
485 6074
716 4683
6520 9244
1491 3699
3880 8918
95 471
3813 4851
1146 2429
3563 5326
1377 1790
4641 6652
2252 5629
3755 8595
2674 6719
567 2874
5568 7718
2261 7982
975 7814
3185 6620
5482 6641
1780 8227
301 7226
5325 9851
6591 7814
3002 4471
5247 8448
2304 6105
1515 8227
662 4731
966 9696
1583 6536
5821 9500
2928 9640
6002 6360
2420 7345
2986 9491
848 6261
2994 4525
5530 9834
5875 6828
6107 9270
1987 8119
4865 6801
2343 7307
4806 7381
8295 9025
3949 9040
358 4224
463 3295
1844 6581
767 8243
5913 6408
2315 4056
6940 7569
2316 8797
2845 6652
1293 7373
9094 9181
4772 9051
2097 4095
3920 6652
7943 8583
6646 7115
2705 5801
400 5320
3050 9909
5324 5902
1965 2261
2343 8447
3001 7570
994 1709
778 5607
4414 7773
2202 2560
2231 7912
4661 5725
8313 8728
7601 9132
2901 8287
885 7726
6408 6630
400 2842
6216 6770
2992 7216
2539 9696
1499 5679
870 9098
1371 4402
1996 2924
3520 8075
494 6604
6760 8969
854 9936
5755 6099
494 509
4276 8563
5520 6784
7466 8307
1121 7437
1855 4758
1615 7197
4807 5588
7718 9105
1285 6598
3913 5741
6154 6818
685 8975
2778 6352
527 5076
5326 8284
2608 2995
654 4998
662 5009
5013 7374
3066 9675
6399 8399
5947 9546
1376 8880
4259 4572
1825 4217
1508 2528
3150 7419
1313 7683
193 7492
6154 9756
1970 9734
3062 8913
3243 6866
4815 8031
264 2008
3860 6895
1036 8064
218 2724
3042 5182
2845 7792
1565 2528
1874 9853
4089 7536
263 8831
32 2707
3391 3784
5163 7345
381 4537
4155 4481
3723 7314
1991 5458
1401 4145
2223 8162
107 2489
3751 8412
6591 8568
3554 5007
877 4820
1242 6154
336 5272
2032 9560
1377 9523
6345 8362
932 1814
6682 8346
4207 8508
553 4320
1936 3986
5536 7211
2850 4451
1065 6341
966 1948
671 4575
2553 2778
7088 7904
7161 8525
3668 5978
4998 6077
6345 7822
3868 7856
4047 7609
3726 9438
1837 6997
6241 8240
7094 8652
4585 6580
5111 7516
3668 8284
3033 9904
199 7906
219 5482
1383 5207
575 7241
4155 8399
6892 8277
4696 9644
1290 7260
700 4982
501 6151
2056 7733
3493 4947
3094 7348
2279 2611
1739 4574
8329 8652
6151 8031
2118 2798
4721 8553
4034 6641
1618 5485
1423 4639
426 5465
2953 8957
524 4584
1316 3456
3900 7772
323 994
3440 9526
656 2202
193 926
810 5095
1760 9138
5232 8991
85 6866
2219 9496
1596 2355
5603 8377
5834 7885
1994 7156
1067 8240
3872 5273
1673 5943
6578 8209
258 4027
3784 6151
1038 1980
9092 9901
2110 9006
3886 5505
952 1525
1329 4280
749 8515
1890 9957
7468 8797
3001 4997
5688 6810
8313 9728
4382 8655
506 6579
311 1508
7160 7856
618 656
4709 9094
4667 4896
4821 9165
645 1609
8399 8931
2969 4732
2513 5983
6493 8514
2623 4675
2944 9403
5007 6150
3877 5832
6241 7025
4821 7771
2864 3041
6756 7490
6296 7436
1601 8545
8111 8133
5098 6504
295 1807
7899 9319
4292 4836
125 8167
6408 8792
7986 9403
2697 7201
516 4595
494 9997
4493 8902
671 7556
8437 9318
5458 6504
904 1969
1285 7492
1307 3668
461 5288
7503 7979
5291 7377
4548 8011
28 6449
20 8037
19 9406
3599 3651
783 3680
1540 5914
2904 3723
4896 6241
2539 9013
6885 8737
258 5741
3306 9251
4493 4635
1834 5572
5619 6981
6666 6743
4711 5673
5623 9311
682 816
660 9325
5482 7882
3920 5740
4502 6299
5871 6545
2252 6838
1557 7724
1390 8676
37 8677
255 618
5651 7826
532 5791
4593 9141
4034 4264
2252 7852
6560 6737
3589 3693
662 8051
854 6504
2910 4446
1039 7681
3330 3391
2892 3050
3688 5436
1763 7536
2326 6579
4962 6935
6752 7610
3486 4676
3967 7208
3042 3776
5045 8913
999 6730
1336 4202
8514 8566
415 6817
1881 3921
5689 7237
5040 6950
1725 8119
5144 5869
2742 2820
4800 8375
3245 8565
5447 6287
1005 4866
2798 3770
1307 8822
1856 9281
811 2070
2117 3588
6543 6859
1136 5868
3920 7469
5664 9140
6439 7683
1873 6671
5407 6828
527 7063
1533 8376
459 816
6150 8902
2115 9258
2701 7072
6219 7253
2667 5745
525 700
1097 5677
1109 8331
5115 6578
1693 3067
6206 7834
6458 7852
1947 7544
1026 5288
1817 9472
5170 7072
4874 6358
1583 5123
3648 5055
3209 4672
3744 9089
1755 5913
5856 5943
5058 7287
250 7714
1057 3625
678 5246
896 8456
1996 3349
2309 6204
6299 8867
4433 9351
2142 7377
313 773
2916 9129
2008 9762
159 4110
1355 1763
1283 2928
6866 8867
6597 6987
1605 2273
2142 8496
6054 8414
6998 7091
8087 8797
3504 6652
2393 4635
396 2838
7056 9298
4670 5662
645 7215
7490 9298
3005 6415
1970 4491
4264 8675
1755 5741
3735 8331
6687 9696
4138 7877
4462 7214
3214 8508
4200 9543
2102 6719
6892 9365
1753 9930
926 7242
3723 3967
7411 7473
7242 7492
3498 6151
3591 9040
4815 9298
4758 5423
4758 5357
780 5857
44 3877
3546 4646
1580 6743
3589 8514
8991 9723
3703 3897
716 3296
6013 7086
5534 6641
3654 8737
732 4299
4715 7327
3348 5187
1019 1137
3879 6675
258 3692
4835 9543
7600 7629
5027 6843
8598 9132
4283 7361
1285 4815
3898 9672
1484 7531
3770 7955
255 8894
9015 9302
1344 6823
3809 6450
1443 7718
1395 4046
5120 8448
268 4568
51 3041
3949 7197
1770 7215
1751 6441
4247 8660
5120 6902
3928 8486
4548 6563
722 852
2008 5699
1092 2951
534 4184
8568 8607
7397 7790
716 9089
4083 7314
2213 3760
1659 9305
3002 8515
2171 7169
1411 9328
4429 9371
551 9439
2562 9957
406 7191
7539 8770
5943 9132
1618 7162
6995 9112
4418 7255
8545 9378
2240 4309
4466 4502
1862 2215
8517 9432
400 7574
8741 8913
4674 5740
8607 9523
4458 5846
93 9123
637 8489
5142 5574
1956 2460
2150 3686
4083 7569
22 5913
2075 5291
3938 4683
984 5073
993 6798
3790 7466
6752 7352
154 7071
68 3249
3150 4201
4999 6854
3935 5333
2326 9100
2987 6995
4526 7583
1782 3335
3580 7723
130 2344
347 2705
3886 6866
1824 7906
219 3597
5482 8568
3787 4383
2496 2505
5005 9403
2525 6416
1610 4706
2477 4280
133 9917
1666 9365
227 6924
2892 4633
165 8758
4834 5701
6301 8936
2180 6106
5130 9581
2100 3689
709 3553
433 4155
1357 3214
1443 1871
169 177
7436 8525
5668 8022
6544 9325
2496 7744
3800 8632
5662 6671
4334 5561
718 3067
1948 4034
1067 8372
6579 6905
5904 6349
9122 9222
1663 1679
97 7377
3546 8556
709 5738
8489 9258
38 1036
6378 8406
7396 8219
3005 3589
4711 6947
5983 7346
3100 4034
1881 7905
4100 8065
5890 9192
2599 9287
176 6606
5745 9001
3412 7714
1959 8706
4100 7916
2910 7683
3360 5875
483 6828
1644 8989
2244 4481
1439 9933
4056 4934
5170 8065
1751 7107
4520 7550
6306 6308
2594 5845
463 2427
3183 8102
5121 7935
3295 8375
1423 5696
3880 9341
1203 5720
196 9798
7072 8989
4821 8128
6360 8660
1214 2876
1485 6702
2528 2576
2810 4851
6593 9388
859 3042
2284 7870
5130 8657
682 5641
5291 6580
6219 9909
7928 8652
6772 9503
2008 8797
3477 7154
1092 5854
5428 9450
3037 7581
1253 2449
5242 5679
4692 9663
4039 7968
8583 8936
3122 6833
1949 7287
951 8810
131 8978
385 9015
4225 5013
3820 8611
4363 6220
1639 4763
3517 4595
2481 9902
1580 6155
5541 8351
1067 5700
268 6236
975 4497
2187 9494
1329 6373
3995 6579
427 4224
7156 7556
1235 4357
1499 2539
4635 6105
1220 6756
656 870
4849 9613
5673 7420
3745 5482
718 7791
4988 8201
2339 5800
417 5538
2940 4296
3002 8947
2171 7218
5197 8607
637 5326
2176 2988
2529 2873
6686 7773
3183 7877
3917 8315
3339 4972
1682 8534
572 4241
5227 8511
3348 5536
93 8283
5196 5825
3870 6704
1476 4119
2594 9849
85 2092
7625 8558
4581 8931
4152 8283
5232 7581
2910 7091
5617 5905
3563 6795
1788 7892
1424 3937
4733 9319
4997 8792
1938 8270
1336 4383
1881 4052
6047 7205
1377 7218
3578 8119
4758 9318
7736 9361
3999 6142
2048 4394
4512 8038
5029 6635
5153 9004
6582 8863
3354 4454
4805 5535
3345 7468
2403 3517
2531 2938
6064 9935
7877 8747
4705 6432
3051 8800
3689 7815
4414 8811
1967 6299
7473 9192
3403 8486
538 8858
1067 1760
7187 9688
4217 5242
6009 6306
2326 8038
2562 7314
5207 7305
931 2022
5115 7570
1121 9282
3420 9679
1498 9385
4462 6737
5486 6563
522 1057
2475 4725
2988 7640
2755 5447
6754 8913
638 7597
3039 4100
2398 7810
3390 9611
919 4418
5819 8258
5845 7091
310 1252
8521 9064
1928 8629
7396 9523
4696 6997
2951 9946
4836 4997
19 44
2429 4633
1378 3880
2261 8379
4503 6164
3070 6441
1763 7995
4468 4497
5012 9538
142 8780
2252 9964
6607 7892
6641 8568
5700 8609
4371 8315
1996 9852
722 1979
5875 7468
3372 9933
2670 8912
5192 9934
4068 5677
6674 8795
999 7718
3041 7995
2809 8521
440 3470
5263 7067
2873 4998
3729 5590
7516 8128
5308 7015
4802 6619
3613 6366
4217 7216
2820 6096
4538 6458
169 5582
6166 6408
2939 8220
4416 5651
4503 5684
1277 4849
5192 8611
1358 8286
8245 8327
3170 9027
4829 9224
322 3243
8933 9380
4737 8805
951 2986
22 1755
2678 5182
860 7300
2417 8737
4121 6630
1933 4707
4683 9260
1421 7447
336 4119
1215 8201
4641 6151
1807 4358
250 5281
4067 4561
3821 8365
1259 9149
7950 9267
1557 6169
5662 9814
4118 4600
3349 3604
6205 7660
843 8119
6106 8743
1943 8565
5277 8414
997 8611
1023 8067
3099 4241
553 6124
3800 9852
2118 7955
2967 9731
1744 3612
1527 4152
4829 7594
2489 4024
3170 3890
1472 8503
7 7282
1565 4061
1909 6560
8068 8211
5197 9894
4110 6446
7367 8668
6742 9623
3498 5446
1491 9698
440 9441
5590 8287
2032 6607
842 9499
3150 4387
3391 5740
7719 8079
2528 6567
3982 9179
7253 8358
1256 2825
3170 5447
1776 6598
4930 8442
6751 7982
428 3815
3284 8563
755 9663
2507 8362
852 5458
5144 5899
970 3987
875 7396
828 9105
3530 8817
7711 9783
4138 8863
258 7867
2345 9978
7467 8726
6637 9164
95 8220
913 9568
358 2778
3813 5040
3973 5428
2059 4262
6403 7599
1384 2466
5111 9752
2301 7928
4705 7715
3134 8431
7318 9330
4494 6182
6961 8313
7125 7194
1339 1569
1948 6671
3324 9512
819 2204
8873 9973
6743 6839
2207 6756
7096 7418
3693 7568
501 4674
494 6408
2361 7169
7193 7665
4801 9349
5242 7605
335 8054
1026 5572
7426 8211
1721 3184
6013 8758
3217 4299
3260 3565
412 6798
3412 5350
2589 2908
1411 1663
870 4217
407 6703
4452 6591
2529 5334
6890 8713
7447 8568
2512 9503
532 5027
2115 9935
1867 5215
1306 1767
218 922
2115 7452
5535 7651
3066 6752
2477 7904
2207 9298
525 6013
2928 5123
1454 7448
816 3177
316 5538
3999 5291
7463 8975
7337 9181
5683 9500
367 5961
749 7377
5561 8938
3821 6907
516 5681
164 8822
1885 7899
965 7658
722 2576
5090 6752
5918 8753
618 870
6950 9401
4705 9933
2634 5883
8790 8912
4047 6287
6972 9208
295 4458
4105 4280
6142 9244
1605 3565
5949 6950
8431 8668
165 4121
1774 8660
4629 7886
5542 8805
6163 6181
7799 9280
2986 6652
1355 4633
6652 7056
5289 9342
3796 9374
5326 8041
4717 9381
841 7092
1443 4383
4487 5536
6686 7531
4222 4975
4497 8568
1774 6360
312 9791
3095 4683
3938 8067
1162 5582
1527 7250
3197 3337
3527 6118
5037 6641
7973 8486
506 2112
4452 9523
1603 6501
6064 6360
5117 5122
913 6582
1711 9399
1203 1739
2694 3002
7773 8508
2150 6257
1618 5755
8743 8863
3999 8912
322 1825
4371 6099
3477 4699
346 9592
3118 6999
575 2232
7181 7243
4434 7243
7130 9644
3095 3296
3118 7107
1543 7586
495 5572
3342 6154
534 5696
998 1751
7295 7982
5869 9093
5421 5767
6843 7107
7618 9224
483 8563
3504 3937
799 1599
4523 9295
1576 6931
2316 6635
6944 8313
9500 9501
2565 5882
3738 9270
2370 7786
2528 7160
3771 9407
9752 9930
3080 3538
4394 4643
8526 8583
5073 8171
4061 5170
717 9807
8038 9645
5534 7814
4280 6373
501 6756
864 5026
4568 7842
984 4834
3197 5688
5586 6306
1807 7642
222 8351
268 1520
3949 4781
1928 8447
316 8099
5530 7436
525 7241
2159 4926
4089 7125
298 3041
3039 4155
2845 6935
2361 5834
5071 8717
3040 3937
4982 8517
2924 6556
3973 7892
3578 4434
4283 7171
3360 6671
1514 2764
1357 6999
2988 5619
5834 8285
5673 9295
4280 6996
2951 5439
3197 9894
3002 3183
3580 8448
6344 9652
2257 3152
2051 3209
5209 8461
700 8776
932 4595
6715 9791
1034 9791
433 9696
4848 5720
282 6253
6458 6637
1644 3583
4196 5428
2817 6737
4674 7469
5040 7011
5073 6898
4217 8150
7450 7856
919 4309
3448 3774
574 3573
5197 6206
5542 9328
2583 8218
494 3208
6854 7300
4999 9027
2230 7380
8607 9894
656 6124
1805 9987
7468 8620
2219 7758
6641 9239
163 448
3603 7803
5949 7728
6957 8732
4845 6281
3899 8583
3437 7856
3809 9953
3460 8426
22 298
1829 7395
5694 8320
3873 8555
32 8736
4119 8558
9615 9952
3604 4948
4811 7983
2213 7705
2213 7637
950 8233
3745 5688
1880 7209
7852 8213
875 1937
2800 4341
3886 6299
5673 8237
7438 9277
1656 4464
2213 5834
3890 6013
2204 5233
3675 6321
1243 4665
6181 8229
5242 7951
1078 4542
1751 8953
7125 8425
3584 4483
662 2594
6003 9756
7655 8615
4466 7601
2051 5071
718 3323
3517 9796
3029 8201
298 7156
3723 3986
1807 8143
585 3890
3790 8307
3552 4732
3587 4555
6527 8392
24 5117
34 8755
2051 5779
972 6132
92 4189
3048 8829
5869 6646
1751 6598
6001 6944
5607 8068
2261 3597
1316 6442
2549 2718
120 5854
4962 8981
844 4464
1814 8771
876 9873
4815 7469
26 231
5714 6002
5197 7169
3268 6007
404 4035
1109 8210
822 7444
1158 6744
6822 8289
1424 7505
3648 9536
2120 6938
2838 3446
8529 8736
219 8675
1742 5357
8284 9672
1220 2986
2845 8514
8424 8560
164 4034
877 8538
2274 5815
6359 6556
6241 8494
1533 3661
7826 9700
8385 8499
3672 4497
1539 7723
1109 6319
2054 6587
7574 7851
3038 4066
9093 9597
4952 8281
9444 9902
2806 5574
3808 6637
1591 6206
4997 9152
4402 7565
3750 9015
6905 7178
1250 2628
3390 8745
1256 2694
962 2608
1054 2589
1173 8115
4851 6703
2171 3862
1057 4758
1736 6415
4117 8931
810 3141
1512 4730
1439 7556
1601 5818
1081 1494
4285 4661
3118 5264
6051 9894
2539 4667
852 7995
1394 5535
222 2421
2539 9138
6753 9862
295 4699
323 1673
1315 2781
1706 2262
7396 9318
1716 5738
1175 6743
2029 7855
402 1220
6843 9205
4253 4465
5719 6565
3615 7201
897 6756
1067 4896
1944 3649
91 9568
1377 7814
749 3470
1020 1931
2525 4585
7099 7536
258 1991
5119 7999
17 5738
1565 4805
97 2075
2252 3477
6824 7207
1611 8938
4494 4508
5746 9351
2112 5236
4696 5247
3423 7967
1057 8563
1591 4931
877 2398
6961 9512
3437 7243
1472 6671
4672 9098
4761 7566
1149 9174
5896 7494
7318 8909
9209 9762
1943 5362
3745 9318
1421 4931
3699 7651
5894 6642
2022 5330
2171 8401
837 7599
6344 8916
6129 7574
287 7199
6997 9457
828 7718
6212 7851
6227 6905
3966 5153
6635 6682
5904 7284
1639 9381
2775 5509
4515 7245
2358 7565
998 5027
506 4247
4668 4941
3675 6876
575 4982
4045 9696
1508 6064
1411 5458
3302 3584
2115 4805
1869 6076
3806 8691
6335 6835
6637 8364
258 9500
12 2141
4984 6412
4452 5482
1829 3067
1023 8459
530 9833
1443 1790
430 1435
5005 7967
3595 6335
656 9696
159 9089
3003 8271
3588 8201
336 1739
2904 3015
977 2755
1736 3391
7938 9680
2029 7799
5326 8508
3222 9543
2217 8456
7166 8894
1802 5663
4458 6565
5098 5542
3905 9672
1252 6105
2606 8498
499 6869
4350 6588
6795 8064
7715 7822
1644 6264
2982 7939
512 3917
268 7906
406 9689
875 1421
4247 7856
142 1709
1643 3977
4075 9217
658 5384
51 3692
2427 9623
767 7197
2670 4585
2655 5143
3822 7556
1680 7494
92 3005
7995 8283
5767 5910
51 5741
897 3693
1603 3356
1980 7379
6450 9013
1028 1533
8969 9102
2829 2830
2696 6391
2181 5052
6478 8934
749 5922
721 1834
1313 4202
4350 5197
172 3347
417 4502
51 8792
4508 8315
5121 8909
4815 6866
885 4585
2349 4696
2854 5215
4045 5746
4196 7950
7295 8054
1974 3249
2403 9796
1443 5568
2674 2678
910 5790
2916 9380
721 4508
4117 8065
9319 9450
107 7961
269 2781
2142 2838
3964 8150
131 6931
3230 5419
4931 9523
1356 5073
998 8489
530 5212
95 3243
1930 4758
2708 5421
6021 8471
7062 8320
121 4746
1859 2694
7218 7814
7531 8767
5557 7896
4746 9834
2807 6461
793 9993
4737 6166
1499 5840
3208 3469
4212 9739
3569 6580
4952 7337
95 678
7187 9388
7605 7951
2742 9508
3319 5447
1751 8867
440 2825
9165 9752
7062 7928
5254 6978
2213 3647
4585 6142
2573 7601
4674 7253
3949 6558
3319 4999
2203 2449
2809 9672
3915 7444
2546 4962
1057 1948
3637 9605
3218 3252
1211 1742
2041 4798
522 6828
3607 4944
8211 9181
5905 7098
2671 5664
5581 6214
662 6462
7452 8489
1540 9603
1938 5356
6287 8758
3995 5194
1242 4820
6905 8038
1094 7966
139 8085
4508 6703
2830 7194
316 8867
2150 4691
1381 4999
4720 8858
682 3446
2705 8325
1497 4438
1370 9190
3029 6766
4670 8620
28 6770
5076 6645
3495 5119
717 2645
700 3890
1238 4542
1572 8999
1057 6671
346 5568
3410 6597
2525 3841
6054 7711
3391 7056
1565 7243
8211 9490
1825 7492
1807 6373
4453 7373
2755 9027
264 6899
3784 9298
566 7786
1421 8614
8431 9673
2775 9909
2742 8660
2427 7142
7885 9577
1729 7150
3580 8521
1849 7380
483 1921
2319 6339
5688 6448
2048 3862
4691 7369
6124 7733
2194 5677
3322 5117
9179 9788
5192 5955
2219 5846
7138 8455
7259 7402
3137 8776
1030 4719
913 8863
889 2352
1220 3498
9040 9140
6646 9181
4128 5436
1047 4407
5843 9239
1057 1873
7337 9490
97 2623
712 9623
299 1047
4094 9500
264 966
8572 9901
5333 8431
806 2326
6939 9089
2910 9644
2765 9468
4190 4549
7437 8011
3420 9292
2215 8211
7138 9222
215 970
264 9011
1243 7172
3170 3755
8538 9192
6461 9814
6541 8442
4811 9973
51 1411
3038 9522
2820 7181
5101 9963
4816 8625
6358 7250
3975 8953
8087 9209
2304 4794
4646 8939
2891 8477
2838 5922
897 6502
367 1394
897 2707
316 1967
1102 8009
1114 5714
6935 7733
6562 8085
1812 9673
2545 3349
5447 8511
1837 3821
258 852
2032 3378
749 8375
2916 3750
3001 7676
5890 8220
5194 7517
660 7193
5821 8579
93 3112
4118 5491
4117 6703
5755 6642
3045 7203
4283 9381
461 1583
6155 8038
7951 9303
2816 5289
5232 7308
5182 8205
5679 8287
111 4202
2344 5205
5446 7539
7581 8324
4401 6049
4068 6907
5580 7380
7603 8112
1751 7492
2445 4848
8863 9568
1591 6588
2821 3984
3243 9132
2594 4207
5040 5105
3214 5549
837 7564
7583 9023
2456 6999
3759 7335
3943 9585
1994 3800
7922 7968
4217 7786
2937 6016
7032 7663
541 3437
1543 8207
3243 5673
240 9959
6144 7400
1634 3987
32 9159
5753 6144
6349 7287
2992 8150
6960 8957
3597 8863
1146 5509
837 4535
2892 7125
2671 2914
51 5542
5738 8365
4845 5790
311 6360
1939 4548
4283 6924
645 1232
611 819
2117 9930
6046 7760
255 1329
1770 9899
4242 8230
516 3086
3908 3927
4493 9260
716 8070
2667 7158
494 4492
4025 7906
1445 4100
4358 4772
678 1384
2088 3058
316 4217
2319 5185
2124 9393
1603 6120
4393 7250
4683 6105
4521 8283
4865 6487
5143 5253
6843 8284
2245 9781
961 6833
4465 6596
7086 8595
1255 3615
2361 3745
1203 6064
1466 1520
402 5729
93 5509
3822 5890
4289 6108
4217 9002
3949 4493
4025 8376
4184 9823
2915 7208
2627 8259
4170 7086
1293 9834
2528 7243
877 7411
3750 7490
362 4728
4692 5554
2086 9270
566 3588
5828 8325
5688 6546
2287 9761
5347 5637
5229 9339
3205 9287
637 7181
1377 3197
7651 8119
7086 8776
7052 8916
4886 7602
637 2742
1425 8514
6228 7111
121 6838
3197 6206
64 1469
4507 7599
2545 8005
1475 4633
905 1284
2909 8110
474 5572
1498 3112
4017 8517
4155 6264
3214 7084
4490 7967
1228 2994
4722 7232
4493 6524
5250 8201
196 3571
7431 8541
1394 7726
2512 7779
492 7437
6512 7892
473 4929
3199 4276
1908 4201
173 9499
499 1680
5089 6543
189 9769
2051 2202
3277 7319
4641 4815
4110 9680
281 1637
1067 2904
5685 9179
180 9084
2913 8717
7642 7904
1236 5039
585 8841
4026 4962
8745 9611
5534 8915
3220 5183
1355 4723
3538 9016
1293 1673
1824 4025
4121 5673
7275 7586
1855 7032
7870 9140
786 2198
1220 7568
310 778
4672 8287
5192 9465
332 3287
896 7959
3651 4811
2858 8918
175 9930
3806 5957
12 4170
1238 6703
1991 9997
2907 6562
2628 7610
999 3134
2215 8068
950 3101
5739 6748
2198 9043
3999 8496
3723 7208
1469 4451
3192 7681
5597 9613
2576 6096
2063 7088
2202 7141
1286 5130
7744 7810
6248 8534
4418 8938
2481 4492
4262 4997
1869 2829
92 7659
396 8385
5030 5572
7368 7578
4207 5572
3877 4683
1220 6935
1450 6454
7169 9238
316 3292
9292 9758
5681 7250
3348 4212
1020 8652
417 9512
999 1939
261 7852
1802 4301
4999 7047
2266 8489
1790 6563
3379 6163
6546 6617
1034 8344
5560 8525
417 6441
2906 5205
897 9362
219 8508
4120 4438
3547 7487
3563 9224
5236 8075
2396 2470
618 8717
4287 7444
6885 9015
4947 7381
116 4681
5978 9401
1706 1749
2547 5700
7955 9632
3765 5943
5688 8736
3569 7377
316 1285
8947 9479
1859 5362
6415 7792
2319 3292
5482 9672
6144 8211
570 2240
312 6524
5555 7995
5123 9640
3186 4522
6433 8133
3692 6166
3324 9208
5637 8779
1751 8743
3268 3319
283 5162
95 5922
4672 8115
2476 6227
2120 8076
1717 8072
1213 5117
3583 7666
2114 5131
2048 4127
7741 9673
2252 7868
5043 7905
1220 5740
4759 5800
486 8399
3277 5629
5055 7995
1511 8320
1030 3631
6359 9671
5170 8315
3009 8075
67 9280
331 8395
7492 8173
3604 3701
854 9500
7786 9002
5105 7728
336 3692
3220 4520
3295 7877
1286 7242
91 3859
951 7056
4217 5071
8147 9814
5017 6328
6045 7360
1268 1782
501 7792
3517 5745
618 1760
3102 6922
2135 7936
2252 3591
4153 8130
520 8933
3296 4110
714 9011
6349 9396
2909 7047
4973 7345
406 1898
1365 5109
4382 7747
3349 5879
8155 8609
6105 7308
6286 9936
618 6373
1643 3703
215 1498
3422 6921
2599 3726
126 794
38 1751
1034 7114
486 2386
2326 3995
2470 4145
3563 9401
3348 9597
6120 7045
3076 4119
8087 9946
558 2517
5943 8150
4497 6588
4715 9960
4926 5544
349 6411
239 586
618 9098
6306 6621
722 1508
3840 8320
2742 3868
512 5523
3879 6550
904 2398
442 5935
6442 7648
2286 9899
3704 4360
1186 1207
2928 6023
3375 5073
6016 8229
258 6286
378 6204
5897 6109
3569 5563
534 6048
2509 4360
4217 8494
4693 8286
8521 9094
4691 9380
3502 7516
1596 7186
6441 9132
919 3348
2050 4857
848 4821
4457 8427
6446 6715
5232 5241
4068 4207
5536 6968
1557 3078
4523 6818
2075 7199
7373 8407
472 7062
4177 5223
5862 6448
3689 7119
1565 3466
1513 8939
2607 6311
572 3939
402 2176
2067 2904
2435 6783
8496 9825
1231 4421
2316 3244
5357 9933
731 2489
5111 8632
2906 5818
4965 9364
1147 3783
4697 8206
9077 9495
4913 7463
6303 8015
8377 8866
1633 2467
637 7856
3393 5297
5523 5755
6349 9022
859 1557
5007 7726
2023 3576
1256 7443
6674 9947
1424 2781
2051 5732
335 7648
4815 9132
4705 8211
1471 4927
7711 9930
2528 9508
4674 7114
781 5058
5978 8064
7371 7899
336 494
2202 6241
570 4309
5598 8795
998 9988
5555 5683
2481 9742
3235 6901
1525 5575
2539 8287
700 6306
34 403
5846 6996
499 7494
1639 1936
2893 3518
3672 6459
990 7650
6076 6219
7999 8210
7905 9892
678 4497
3537 5561
5755 7493
3815 4046
3563 8743
885 6464
714 1232
4358 6433
2252 4446
3174 9208
6449 6766
2435 8938
4521 4668
4322 4988
7715 8767
3578 5535
1469 3192
5875 6899
1384 5651
4217 9013
442 8848
7950 9560
8615 8766
2165 4973
721 5170
3668 4595
1472 8087
1959 5947
4622 9041
1158 6828
7987 9450
5357 5423
4712 9329
7154 8525
4075 7995
1401 4559
2510 4153
4341 5684
2325 8938
6433 6732
7369 8521
749 4800
1377 8614
3859 8863
1215 5802
824 7695
930 3015
1214 6105
3059 5324
2525 6627
3488 9342
904 9211
3632 6105
4982 6163
7655 9026
1939 7367
7314 8729
2909 8271
1644 2295
2165 5163
954 2085
3900 5590
3243 4523
3900 8494
509 9997
825 2280
336 8780
3095 9089
1443 5486
1498 5745
660 2512
4949 7773
4494 5172
1790 8431
1996 7855
2141 4170
5144 8814
495 999
2646 7495
885 5905
8240 8287
5893 7845
3448 6901
2532 2755
5978 6843
2274 4950
5098 9936
9762 9814
700 3003
7205 8084
842 3392
2648 7590
1937 7882
2909 6013
5679 9002
3770 4083
5549 9089
3239 7495
2086 3077
3137 8110
5447 7337
960 4998
494 3041
4192 4733
2301 2720
288 1211
346 9774
665 5508
1023 1884
2418 8848
1576 4584
1936 7171
1823 8614
2883 4120
8064 8743
2562 9652
417 2936
5342 8162
3174 5101
501 3498
3750 5834
7156 9852
9223 9342
928 9096
713 4924
2998 7748
1414 2603
2426 8638
1023 8195
4886 5584
7924 9438
2671 9698
1829 8270
3393 8516
7786 8558
5846 9880
316 5856
506 3228
926 3886
2261 6950
1790 5486
4794 5356
4940 7337
3403 9007
1565 6227
2443 5547
6646 9480
6968 9933
666 9828
4585 6773
1109 5961
1411 1709
2215 4856
608 4644
4874 6747
4189 6652
1224 3394
1057 6461
1611 5561
2142 9825
7660 8565
258 509
492 4693
885 3569
6464 6520
3001 5090
978 6907
1004 7485
572 685
3949 9140
700 4047
5120 7723
992 1900
885 5922
1014 1532
1466 9652
255 1354
483 4996
1083 7907
440 4471
3597 5339
778 7625
2377 5007
367 7054
2309 5598
1026 7117
7753 9141
1466 8372
1998 3515
255 5289
3551 3661
1383 5738
728 1557
1609 8567
2956 3489
533 6497
5447 9064
1663 2497
4217 6441
3003 7300
2067 9570
4075 9613
19 4463
2809 2916
6952 9499
4758 5699
926 2720
1535 7634
1432 9043
3668 5326
3569 5641
1802 9395
7706 8177
1615 8508
3170 8629
1186 5658
40 1760
2269 9849
8448 8521
63 3569
5111 7771
4853 5597
3432 7909
1647 8873
5779 8717
1215 7711
6442 6783
1109 8744
4715 5904
6154 7411
8201 9006
2908 7871
4061 5523
3520 4643
3888 5075
828 1790
343 506
4089 4668
7938 8534
389 9909
3912 8045
2507 6345
3967 5339
1959 5384
3631 7209
2820 7651
2540 7616
789 2042
1907 3686
3900 5840
6715 8327
7062 9388
1005 3939
1873 6828
2008 9011
932 970
3537 8287
7371 8457
794 8545
1976 3038
811 8866
1829 9861
1307 9988
9665 9949
786 3002
7584 8717
6525 7495
3296 9319
1035 1316
1146 1869
1898 4982
5255 6341
2362 2883
257 3207
1211 9093
964 2892
3444 7467
575 5071
1778 2018
7581 8880
4667 9013
426 9049
9298 9805
6704 7463
728 7086
3589 3920
3125 4360
5288 9499
8934 9847
4683 8070
463 8947
2489 8866
966 5407
7822 9094
2377 8801
647 8766
2669 4774
2913 9592
1250 7349
5563 6627
1468 7138
1109 5902
4072 7906
4811 9523
1238 3739
6459 9973
2525 4829
560 2957
1112 6761
264 8547
7015 8495
3220 9835
9260 9568
5732 9138
8041 8947
5362 5914
12 7714
1112 3066
7334 9328
2507 5144
201 9337
4152 9385
4851 8706
8356 9015
2092 5130
1430 9162
417 2992
4940 9270
4433 8472
1601 4725
2457 4548
533 3123
5326 9508
4763 5324
806 4061
67 3800
4192 8527
219 532
3111 7077
6096 7651
5607 8070
4684 6393
1167 5600
4446 7154
3656 9416
5930 8000
2899 3118
5416 9126
2901 2913
1158 3625
4196 5108
7666 8315
7728 7773
3784 3943
5071 9013
1386 7490
6556 9852
1307 8743
3423 6138
4487 7715
1004 8326
4494 5030
3235 3448
897 6652
4309 9994
522 1265
3348 4418
3689 9835
294 5163
1295 9123
1774 1979
20 6353
2010 7072
5037 8568
301 7962
4494 5140
5943 9444
312 8399
5076 7025
2259 9298
1466 5339
3738 6805
2664 8239
4633 7053
4758 6461
9100 9330
2916 7054
1779 4264
1347 7723
8212 8776
440 7655
2117 5212
2050 4149
2248 9362
4400 9835
312 6939
6773 7995
5689 9791
6659 8699
95 5853
1286 8173
4034 5105
2627 8271
2916 4487
2547 3015
4287 5755
2755 4152
1365 6563
4421 9504
5589 5890
6353 8737
9185 10000
3755 7086
5791 9205
4674 8514
3357 9901
427 6464
5908 7913
5691 8933
2528 9935
1370 6664
5739 7213
6336 8837
7128 8229
196 5969
8805 8996
3214 8902
2422 9913
786 3516
6241 9303
6730 9592
3070 8173
7171 9381
575 8841
4046 6555
7169 7882
3920 9015
3015 9652
5720 8526
4452 8873
2584 6248
302 2742
2796 3966
3470 8747
3894 4975
4414 5326
1358 5893
2032 3220
2118 5651
1468 9557
1693 3724
2436 4465
3917 4371
8287 9592
5875 9011
3829 9369
67 3349
4829 8499
3057 7676
3502 8201
2994 3055
7237 8009
6772 7193
9168 9439
5699 6671
1293 5123
5869 7397
4170 5182
3704 6499
1307 5040
4061 5121
6899 8320
946 3214
3600 9644
1630 8320
60 7067
4464 9948
3048 6140
515 9407
386 1976
4119 7915
4381 8404
3642 4468
1093 2165
2928 4242
2592 4926
1036 8743
2269 6257
864 2619
6968 8521
1286 7492
1937 3100
6979 9788
4187 4926
3295 5447
4110 7531
1760 3209
8201 9160
3408 5333
6646 9129
4046 4730
5350 7086
824 9862
1023 3277
3355 7973
1565 8489
2056 7599
7222 8411
767 4538
1763 7194
6730 7683
8054 9534
2807 9050
1067 5123
5170 8320
1394 5617
2637 7037
6236 9325
6560 8050
1383 2803
700 6007
1814 3086
3448 6132
786 4635
3345 5835
5182 7373
8863 8953
7239 7617
8081 8897
483 1472
6351 8399
1315 6676
3620 9593
786 4294
4968 6525
4430 8259
2100 4196
7032 7413
6423 7249
1667 9378
6783 7648
310 1862
2171 8529
7888 9719
440 7877
2143 6163
6752 7584
1776 6299
1457 3515
786 4706
962 6543
2560 5732
472 8652
8767 9181
732 6987
4594 6171
7216 7821
2773 5673
4459 7374
3751 9251
8213 9834
575 3900
7872 9912
532 1307
6597 9123
2240 8175
3578 8805
5669 6833
1238 9211
8609 8729
4466 6598
2778 9244
1347 9270
4940 6902
7981 9094
7314 8372
328 7092
4632 6619
1729 2505
8066 9689
4034 5688
3330 4353
1158 3345
7275 7891
1361 2709
854 8714
3689 9396
3753 5554
3965 9897
794 6733
32 4693
6019 8376
1415 5750
1097 6907
2931 9009
1790 9774
4973 5163
440 4138
5957 6854
5905 8801
272 9217
3938 5549
2295 2655
4152 4595
6438 8379
5832 9406
6560 6587
6935 8728
656 2560
829 5590
5589 6359
420 1118
2994 7391
2992 6598
962 5966
5732 9013
4468 5037
1526 6353
4317 4602
4344 4681
3437 9508
2899 7618
1673 6166
2693 9488
402 1004
1716 8365
1610 9098
1425 7806
6715 8344
4995 9540
2425 6242
618 6393
1439 5313
614 6637
4027 9500
499 9051
44 8369
930 2547
2244 5755
1197 4568
2423 3573
4229 8697
4212 9094
2720 9853
3995 4926
5130 6299
7194 8425
827 7625
3485 8138
3750 7568
5745 8734
2176 7485
336 5683
6902 7723
5250 9165
3458 7443
4097 9802
5333 8011