10000
1463 1680
460 9024
1031 6426
2907 8462
5910 7649
1517 7203
7036 8269
3299 9147
1460 9757
3367 3698
1387 3367
3045 6290
3054 7816
5118 6018
1357 8986
7850 9250
6097 8547
5272 6782
3068 8186
1984 4758
9250 9831
7364 9265
4295 8274
1439 9645
1303 8626
2836 3989
4640 9131
3453 6482
2665 6090
734 4985
704 2048
3712 4891
2001 9988
743 7383
3061 9297
5456 6684
993 9843
3236 3544
4367 9776
1449 7537
3073 8677
8036 9539
1709 5535
2249 6179
2456 8043
3127 8795
333 5720
4633 5862
3126 7531
3402 8036
5623 8917
7678 9945
5371 8417
4312 8467
3171 3979
854 5884
3598 4273
507 6538
3253 6556
6570 8094
5371 6037
7624 9562
2321 3672
5992 7457
2106 8150
1187 2439
2909 7460
4143 5886
771 968
8734 9229
5332 8383
1633 9136
5560 8239
2276 2368
477 935
6144 6258
1902 7826
2173 4071
1712 8891
805 1624
4507 8794
1077 5807
1747 7667
5926 9921
1796 9855
5115 6678
438 9375
4645 8272
3120 7255
1340 1680
3797 3877
3721 4931
3877 8812
6116 8114
1095 6064
6918 9719
3603 4108
2934 8785
6737 8185
4025 6915
4400 5458
2975 3791
5395 6013
99 3544
5782 6248
6900 9944
6364 9952
3765 4402
2327 9053
198 9697
4614 4906
650 2795
1298 8577
1620 8005
79 5088
4775 9431
1375 4645
5194 9024
421 4778
3166 7877
1989 6179
2514 4446
6665 7040
447 6142
3756 9256
1278 7529
4575 8054
5576 7786
2020 3554
8672 9411
6678 9961
4558 4963
2542 8308
2537 3797
9115 9676
2117 8576
4403 6549
4024 5919
174 6327
1698 7311
1882 8986
41 1270
7737 9677
699 8646
2111 3336
2946 3712
2304 7180
3012 6861
6664 9382
2465 6832
892 4423
2227 9427
8278 9377
268 9582
8840 9331
589 8996
4205 7670
308 7586
268 995
3373 6158
7214 7574
4779 6715
3725 8003
2722 8039
6887 8733
5307 8077
1412 2135
3521 8743
503 4658
559 2628
5511 9834
1519 9017
549 7764
743 8906
2417 9329
1629 3945
5871 6915
801 4399
46 2524
5366 6379
5817 9908
2520 4336
452 1767
4246 7288
1474 8761
7098 9597
8157 9905
4197 4267
3476 7539
2918 4952
2836 7408
95 804
109 6027
2343 6777
3125 9677
3649 9013
1354 9313
16 2404
7016 7857
2434 5233
3648 5584
2620 5978
1953 8105
1143 8597
3925 7876
3981 4233
3393 6110
2621 9573
4390 4735
4134 9498
1941 6066
6295 7299
1354 1607
1270 3864
2422 7983
1369 3860
340 8225
4563 7428
5878 7255
333 7477
5223 7842
9637 9841
4204 5652
322 9919
8967 9021
2191 5878
3908 5501
2867 6623
4915 9409
1863 7144
3190 4295
879 6927
2415 7907
7077 7645
2271 9186
4061 9625
7472 9825
412 3157
3152 6163
4500 5383
2781 9725
5694 9049
1972 9179
3964 7125
3724 8084
790 6912
2633 2875
1840 7421
6668 6768
9506 9579
4820 8190
2887 5173
2398 5375
617 2601
447 7734
1726 8675
4668 9346
935 6691
1008 6192
1233 5517
1822 6004
2671 4088
3511 5270
3343 8999
4487 8929
655 7697
6442 7070
6287 8119
2412 2633
1337 9913
175 1129
4109 4116
2562 2878
6077 6949
1136 4034
913 4741
5652 8914
176 653
2748 3721
4637 7738
904 2158
1064 1261
8925 9823
1992 3472
1507 3778
1791 6677
418 5552
6706 8021
2983 7025
6336 9286
7046 9406
3427 5069
1374 7346
677 9689
2108 2451
6362 8416
421 4163
286 3331
4314 5939
1984 2805
5711 7155
5115 6857
2808 3125
4523 6608
3388 4402
5086 5772
363 5007
504 3474
3125 6471
8033 9355
3530 4835
9329 9889
373 9772
461 1845
3531 5863
4635 6695
5955 8722
8365 9056
2690 7108
954 2012
2316 5423
2820 3969
8070 8246
2225 3234
2327 7946
1631 2163
4141 9138
3425 8473
370 9593
2221 8986
178 5580
4004 7977
5300 5641
6179 6671
4500 7822
1808 9552
848 4407
9104 9205
5301 5651
622 2858
7164 9486
6562 7111
3396 8202
1807 4948
1433 1670
3989 9956
4647 7573
2582 5385
7348 9134
1779 3696
6706 9344
1821 8246
5091 7353
4382 6099
584 3684
6671 8424
2873 4114
13 5401
7458 8380
1466 3456
4566 6428
1211 1750
1910 8822
1725 2846
6410 8924
2487 7868
2008 7211
172 7404
5902 6516
4379 9978
718 7244
3387 7076
2922 4176
4976 6367
2498 6571
333 7031
849 2101
3610 4462
4016 4626
720 8867
534 6381
1877 4982
777 6876
5852 9716
4779 9775
3520 8121
2304 3390
6037 7673
2574 6636
5980 7015
1244 3733
831 2820
3260 8241
11 6524
2202 2481
5615 9272
4783 7850
6264 7583
5140 8439
253 8932
4569 5990
5147 7918
1840 9542
6512 9126
637 8044
6085 7404
4424 8754
916 8547
2420 5952
4543 8318
529 9889
5658 7111
5597 5615
5102 8558
2395 7528
3970 7758
1129 6737
4319 7793
63 6027
959 9184
6367 6662
5572 6591
6446 6775
588 4952
4017 4668
5091 9386
3138 6891
1775 6896
2026 7133
2396 6071
7714 7737
1736 2359
1753 9715
1615 2621
968 7250
1888 5837
9103 9294
784 8416
2105 8258
1789 6328
3175 7061
995 9536
3460 8399
1905 3034
2217 8380
3762 5991
1651 2621
3199 9929
1390 2444
8908 9209
711 8233
3470 8200
1462 7207
5549 8428
1174 5405
2765 6328
3657 5128
13 9196
885 7155
4646 7976
6642 9411
3905 4103
8409 8658
3101 5801
2227 4714
1184 1611
2280 5079
7915 9371
818 3425
2384 4074
3969 5223
3473 9825
3340 4361
3467 9198
2298 5534
2378 7338
113 6696
1092 7080
2677 9259
227 930
1695 9694
4428 7334
8378 9840
2099 3871
6863 9294
3086 4160
2366 5541
8009 8567
3476 3631
289 7679
2439 6012
821 9692
3460 8795
3071 6982
1758 7299
2528 9792
4488 6892
208 8921
461 8375
1962 8723
961 8647
5091 7292
5740 6177
2345 6402
1375 4952
3735 8650
2113 3542
1518 4947
7174 9797
5342 9945
526 9417
6871 6953
8098 9711
1305 6838
5478 7514
1743 4976
2423 8203
845 6726
3187 8004
5221 6054
13 1213
3828 6906
523 2521
3782 6299
1943 7318
271 4313
1138 5233
6697 7008
4746 5078
4174 6679
600 5160
4462 7348
818 2364
7320 7933
4440 8572
8449 8737
60 9690
2465 6613
4916 7375
2970 8524
6471 9916
3235 7186
3035 8784
4432 9718
16 1436
7855 8302
1128 8822
1808 3656
1679 3323
2004 3101
632 8420
3110 3231
5380 8281
4659 6607
2472 4182
1647 9873
3229 5944
1554 5549
2617 4549
1177 1180
1518 9557
2121 4762
2032 7329
2878 6460
681 3676
8370 8474
4143 4774
2013 5272
2939 8065
4022 7213
5026 7070
1699 9603
1270 8350
3234 6556
2947 7334
6230 6250
5507 7790
2683 5330
2497 5505
2578 9510
2635 9478
8020 9578
5221 5809
1078 1118
581 1756
4546 5618
2840 6473
862 7226
5217 6766
2708 4068
7986 8963
3618 4986
628 1996
3264 9303
1470 8017
808 6981
381 2524
3453 8768
583 4421
5627 6037
4943 7004
2454 8034
8901 8986
5784 8558
6829 8781
2288 2465
966 9278
2173 5890
534 6191
320 4903
6196 6877
7226 8337
6611 7902
3879 5423
5784 7696
98 5064
3058 3688
4361 8016
2542 6507
2595 9206
109 4761
6155 6908
680 5330
140 2795
1604 5912
65 791
1796 7219
2628 7459
3767 9231
7 921
2975 9228
2985 6967
391 7649
4081 4955
1043 6172
255 6836
390 8315
2699 9249
6854 9981
818 4397
2261 8367
762 3974
1343 8854
4599 7035
5649 8932
2367 8539
1315 4346
5674 9337
6985 7470
511 2757
1183 2185
5236 6917
1052 8324
3850 4423
3888 4037
8353 8928
544 1830
3828 4415
750 2795
1994 7771
2142 2148
5839 7077
4962 8574
4726 8736
6304 8283
795 7153
763 9972
842 5679
73 966
872 2235
4098 7263
2640 5718
4570 8849
3531 8556
5574 8949
6517 9757
7158 8659
2864 8303
2032 2087
2365 6037
1496 6842
2672 2803
4470 9623
497 5809
2424 8111
876 6077
2608 9682
4866 9007
2827 6742
1479 7696
1680 9859
2642 7673
8114 9541
6441 9369
1571 3668
6918 9377
2227 5755
8164 8447
1861 8367
2808 7590
1464 6854
1379 7216
2719 5837
369 8062
1292 7798
5098 6644
1353 6296
2554 5784
3751 7312
4626 6569
3402 6741
1769 3571
5907 9590
1592 8324
4112 8188
106 4337
3982 9008
499 8646
612 6367
1049 1902
2557 3287
7217 7235
1057 1883
4976 5829
1466 7387
5638 5862
7147 8473
766 9529
4731 8617
1466 7208
2348 2399
830 3287
9728 9999
5230 5382
6225 9956
1584 9561
2472 5691
4051 4316
1775 6289
6472 9671
4785 9659
480 4165
544 4448
3615 4427
2377 7402
1474 2289
2560 5920
1020 4131
2215 4662
2987 5043
1712 8122
1000 4084
541 5872
635 1527
1268 3879
906 6170
4213 9573
1524 6254
4144 6500
1642 9068
5147 9519
1199 3366
1850 5103
2101 8015
2291 8929
1717 7439
3601 9303
677 7246
2155 7700
127 5416
5813 8695
7348 9211
6611 8408
1503 2993
3264 9601
2458 6670
709 1928
3926 6209
4819 5615
4534 6377
5368 9958
2546 2672
4165 9651
973 4776
5591 8958
1570 3386
4731 9486
1289 5571
2751 4599
3783 8630
6260 8986
2293 3780
4948 9734
791 9256
1136 9371
1466 2221
1121 8474
6699 7035
5158 9275
886 3198
328 6169
4644 4739
813 903
1310 4087
6170 8215
3727 7080
1312 5594
2677 2995
2451 8686
1354 9044
3195 6320
266 8891
1603 4290
522 5007
5499 8940
67 6363
4367 6691
1310 7009
5113 8436
1031 2493
1151 7267
5810 7948
3619 6040
3022 5027
4438 6487
939 4987
5780 7288
1272 8191
789 7787
876 9918
1067 3443
1633 8522
5211 9009
1164 2990
154 9159
1656 5129
4606 8464
1005 8884
720 3681
319 2878
3467 9734
774 7949
2469 9715
1578 1962
251 1413
7111 7907
1997 2582
4727 6085
1864 5470
5243 8638
1947 4324
4025 7439
2494 6701
8093 9014
623 1520
6819 7957
1800 6674
3552 8536
6085 6915
610 9261
4067 7833
2896 3497
5007 5981
5702 5983
6957 7329
828 5907
3203 3710
2133 3860
1730 9094
1238 1427
4866 5571
4481 5210
1943 6214
1092 6519
7071 7931
1182 6591
681 5528
1734 8646
6470 9677
3214 3651
1967 3137
2608 3736
2463 5623
1867 5330
268 3320
830 1617
2648 4416
1441 6066
3706 7760
4957 8943
3219 8041
8524 9411
7236 9201
1413 3315
2743 8497
3821 7608
6122 8516
1500 2710
3512 7722
1652 7722
268 4545
46 3876
1211 8891
3984 5909
4137 9453
2980 5655
2075 5780
1979 6900
1684 8186
2782 9845
2421 9066
608 2519
1045 1419
782 4130
995 4364
8125 8270
2397 5364
1212 8129
104 3112
4377 4447
3991 6011
7641 9354
3578 7357
2918 5990
3882 4866
1871 8322
9019 9731
7963 8428
1758 4845
2781 6600
4094 6591
4166 5500
7445 7910
5924 9995
2586 6299
893 5012
87 8573
2624 3753
1902 6946
6818 9041
2471 5954
3565 8149
3367 6019
3562 8062
6183 7243
164 6896
2867 3419
3343 3658
1388 8448
1287 5881
1791 3936
2152 8380
5539 8467
95 7518
3857 6859
818 6681
4400 5091
166 7048
3328 6369
3321 9757
1228 7043
99 6092
73 4046
1697 4141
1010 5944
5886 7000
3528 7944
2654 3765
5956 8481
652 6188
7698 9404
442 901
9 4772
3068 8573
6098 7561
2365 6900
6491 7427
5357 8028
1995 8524
6118 7754
3975 7097
4493 8988
772 6015
1369 7417
5177 9083
2834 2878
4984 5128
326 3337
1281 9971
1483 9808
3715 8606
2756 4852
161 1971
2827 9174
4937 8518
1802 3684
8508 9592
2061 4047
4831 8283
467 9765
2167 9311
9291 9793
170 9550
6120 8852
4678 7041
2945 4987
6818 8711
3879 6800
3167 7312
1418 9382
5148 8112
1569 5747
8233 9315
1044 5714
417 5528
7938 8175
1297 4968
5527 8308
983 2106
2417 9978
3696 6228
1503 2649
7736 8841
3901 9863
1117 7407
7579 9190
3073 7638
670 8724
1292 2573
414 7592
2220 9729
5055 8450
1790 5859
1778 8258
2537 4588
2928 5059
1242 1675
2086 5712
5312 6652
1727 7020
2699 9452
1274 5570
5651 6702
1244 4659
8185 9555
1151 1905
6015 6500
1765 8427
7237 9534
3161 5976
1604 8490
4108 5046
5568 8914
5408 7329
913 4357
8573 9714
5228 8220
6659 7360
3488 9070
1992 5108
408 8737
3965 8232
5295 7876
712 1819
2564 8583
3874 6537
6701 7891
6973 8695
1312 2744
3638 4451
2106 6481
8001 8125
990 5780
9746 9841
6313 6963
3619 9762
3396 6815
2660 9545
1533 3756
4561 6404
5324 5446
4246 4638
6229 8610
6578 7342
7044 7399
5034 9130
6900 7673
3031 4411
1660 7924
3128 6729
3462 5172
1408 9944
4361 7826
2810 4152
2061 7567
2328 5735
5829 8215
3144 4983
5319 6645
4704 5117
3352 3652
127 395
6799 7201
2426 6494
1287 1751
1125 3222
4856 8740
6597 6896
447 2528
995 5447
2293 9731
16 9292
912 3791
3274 5210
5572 6815
586 7009
1648 8754
5211 8378
5968 7134
3600 6579
2536 4996
65 873
845 3910
5382 9760
5099 9486
8354 9199
1584 4688
5113 7801
414 5632
3305 8539
1365 4678
2555 7375
192 6491
6971 9502
5829 7404
244 896
5284 7050
6308 7141
2624 8350
2250 5768
2512 6200
6284 8264
2966 4050
8959 9837
3577 9391
590 2837
5735 8688
5722 6739
3612 6185
1238 7799
3337 6765
2699 5352
5018 8401
907 4683
580 5185
8368 8884
253 6602
6706 8748
3767 5916
7525 8924
5079 8866
862 4471
6287 8225
7460 8695
3565 6821
1737 2778
6539 7826
7159 7179
2958 9151
6752 9900
3752 5431
3129 6443
6062 8711
4421 4837
4472 5338
245 1284
186 527
4284 8921
4067 8037
2569 7375
2463 5455
643 3330
1953 4446
5218 5463
1126 7660
2255 8220
935 1730
2070 5642
241 9132
6295 6791
1259 1698
1387 9275
5140 8341
5691 8354
3619 9692
6992 9810
1701 6977
2041 4137
1007 7623
3022 7173
915 7627
2283 7283
2673 4039
7418 8574
3080 6055
402 9656
2421 9097
5695 8356
4006 7116
59 3968
496 4791
6548 8485
2347 4601
1893 7208
5849 6379
5751 8955
5357 8305
1595 9041
2375 8354
6155 9738
7931 8697
4668 6135
1456 6623
959 1763
5671 6946
4695 8955
8527 8993
2102 3713
2384 5240
1198 4602
1556 6421
2708 6027
2640 5557
206 8764
8271 8361
127 7584
884 7680
4316 4553
3199 3303
3718 9024
854 9216
4279 8324
1795 3965
2667 6021
6765 9148
5973 8342
974 1250
3442 7779
634 8697
209 4486
7695 8272
1493 4284
3493 9485
1830 7211
3860 4468
1640 4357
2120 8205
2145 6213
4514 5020
17 1577
1075 4503
992 7231
5526 9455
7521 8675
8416 8824
752 5939
168 4390
1297 7471
7916 8340
535 7732
3547 7577
577 9760
5043 9098
4960 5745
3368 8196
1976 6753
1310 3261
268 7440
2093 6415
5804 8158
2270 3797
3774 3859
5221 7232
9561 9929
4547 7762
4419 5079
2743 2885
3595 4373
1383 7852
6037 6542
6404 7588
6218 9041
3706 7470
5083 6777
1746 8236
2347 4586
800 8155
3574 4805
893 4178
1658 2067
1972 8658
2980 6075
6522 6977
5983 9981
2645 8401
1821 7986
3464 4474
2371 6479
9757 9956
345 8320
6541 9684
8754 9385
2833 6616
2527 3219
651 4161
5293 8134
9025 9456
3263 9271
5446 6257
5102 6519
8677 9388
3820 6398
4518 6957
2271 9857
1507 1804
4335 4812
1740 2087
2357 6982
2036 3777
7253 8665
2793 6629
80 9654
7298 7974
4206 4651
2359 4553
2251 9868
3986 8245
4369 9308
147 8741
1333 1871
5760 8723
5733 9654
3634 6023
1945 5584
1348 4058
1975 2625
4999 6216
6354 8240
2008 4931
4698 6116
1262 7138
5136 8339
3986 8593
85 8543
2677 3328
6857 8252
5240 7847
1537 9672
5799 8808
61 5016
2405 7427
6809 9383
7651 8938
3812 6759
8807 9031
4599 7513
4969 6600
3474 3958
4742 9406
3482 5636
2642 5476
1658 8099
4962 9142
1742 2509
405 7556
5670 6679
6151 6778
6144 6964
5079 5653
4917 7547
638 7457
6929 9717
7696 8519
4698 9384
4700 6540
5649 9344
1081 2619
2532 6939
5860 7511
574 6613
413 5791
4967 6666
4992 5992
1778 5358
3679 8660
2469 7303
5517 9451
8944 9629
3771 7316
2421 4970
1841 4793
2404 7048
249 899
3615 8694
5089 9472
703 8929
1278 9690
452 6288
2546 5693
4165 5132
3562 9032
2245 2379
2469 9969
1835 5691
3920 9016
991 4089
1921 4546
2661 6838
1401 5517
144 6026
3433 8043
5416 6309
1506 5774
6049 6856
876 7428
1746 4847
2998 5124
4239 7973
5962 6537
2473 6421
1390 9561
5227 7329
5371 7716
3828 9127
207 9338
2803 4209
4451 5770
7109 8628
782 9474
559 8191
6470 7714
5793 6230
2644 6886
1943 7846
2984 5733
4778 7021
1244 7040
4469 6377
4338 9250
599 5952
1488 3712
2961 5073
3984 5299
5389 9183
743 4534
4227 5006
1593 3430
5806 8486
3801 5318
3343 5492
3187 4432
5939 8676
2548 6367
1366 1614
396 6393
3683 4800
3240 4615
861 6764
2975 5086
4656 7197
3646 7579
2323 7963
2556 3054
3152 3903
3672 9979
369 709
8262 9650
1340 5886
1541 9820
3233 7250
1709 4629
2310 3544
4236 9596
6500 9921
4388 8798
6671 7261
135 7920
7088 8278
843 9616
5692 8958
2712 7520
5606 6071
572 3811
6392 6506
4633 9988
6230 8524
6580 8996
4381 7746
6706 9513
2434 6767
905 9025
3578 8022
3871 5235
2115 8677
3565 8976
9139 9368
3877 6102
7798 8271
5059 8564
2259 2754
1719 3550
5314 9342
1487 8196
3589 5332
186 7104
5467 9495
1536 6784
1479 6604
9228 9992
2608 3294
1834 3783
701 6487
1747 9391
6809 7557
6132 9094
4486 6521
7072 7188
2298 9764
1077 6056
453 2357
2256 7082
2366 4233
4686 5791
6047 6304
50 4950
4407 5802
65 6085
3653 8585
2479 6339
1263 7705
4257 8715
4566 7974
2947 4950
2889 5045
533 5347
4504 9383
3900 8694
4330 6895
1940 6627
224 7352
7422 7955
4815 7904
5186 7615
206 2479
5998 8601
447 1524
8231 8307
8846 9094
2738 4659
8986 9211
2706 3714
4782 7536
5170 6531
4129 7457
577 4043
249 6524
5817 8982
1509 4737
7789 7857
2595 5983
4449 8837
3399 4451
2477 8949
5374 7323
7403 8284
3824 4913
2883 3419
3595 8923
9436 9606
3048 3616
2259 9759
1458 4440
2505 3711
4165 7127
1072 3466
2260 5802
883 896
3126 3427
585 8233
8473 8601
4852 6242
2725 4201
1505 9407
11 653
5309 6362
2875 7394
1750 9714
467 9234
7949 8110
4709 8281
1790 5954
1375 3668
1166 7168
3676 4863
1362 5347
9205 9817
5050 8581
7777 9083
1075 5596
8460 9930
1781 2230
95 1578
2150 9414
517 9498
1831 7402
2066 4813
2867 9142
4645 6404
4018 5885
628 5808
3612 8875
795 2880
6706 8810
2323 8957
1321 5268
87 7988
3320 8677
1305 9245
463 1728
342 4165
4330 9909
2546 7466
4700 5186
2350 6060
997 3110
7253 8082
1826 9998
8409 9859
2467 2724
5738 8659
5070 6681
2537 2692
3918 8226
8633 9374
1354 6094
3548 3684
1652 7147
3582 3998
238 6529
7816 9168
3775 7144
3014 3871
4658 8585
4514 9841
3736 9925
21 2774
8384 9450
3672 4984
2556 6605
2987 9247
1893 9642
6992 9152
3135 7577
5943 7618
6241 8100
6113 9223
2762 6798
5112 9401
818 4735
2480 4270
1744 6249
1136 1163
704 7567
943 4230
2041 5103
5447 8485
708 9399
6196 7482
2431 8524
925 2101
818 8810
1533 4534
5293 5820
2841 9206
3756 9962
4147 8496
79 8229
2496 9114
3808 5201
5045 6678
1183 4963
2691 9715
4112 6218
2971 6085
5082 8097
643 7176
570 813
3017 3290
176 8821
5355 7355
4639 8057
3150 8048
1711 8858
7071 8867
1702 7148
3822 5865
4023 9710
998 3202
3553 6682
3418 8434
3562 6793
1100 2907
1582 6244
1930 4658
207 7010
1732 7272
1171 2878
5267 5311
7418 7839
7303 8547
2586 4758
2424 6048
312 6304
1903 3335
1537 9841
2589 3330
840 8728
421 1822
363 8947
5768 9325
168 4731
2721 8890
7665 9855
140 4459
7852 8632
4731 9449
424 2461
4546 6234
397 6867
2018 4189
3436 5268
802 6682
1073 2576
1147 4322
2116 9761
3337 5503
579 8046
4751 6169
4130 8490
2790 3074
1837 3398
5555 8836
2932 6502
4902 8356
140 4307
700 4808
202 7511
28 5656
781 4303
2497 8349
1671 4507
1822 4778
1642 2293
3224 9370
2354 7232
3252 9655
2523 7417
5125 7869
1690 4391
3245 7977
3367 9383
5414 6640
3453 4131
7315 8019
301 5632
2574 4805
363 4306
1280 2445
4383 7070
5694 5753
4295 9977
1518 9772
4398 9834
3550 8221
9068 9126
857 9469
5230 5802
1125 3930
3101 5534
477 772
4242 5194
3939 4326
5552 5685
5220 9034
625 7977
3445 3913
3902 4392
4980 6494
619 1895
8 4695
5066 5594
3667 4659
303 7665
2539 6295
5090 8931
5170 8737
3255 4549
2476 3706
817 2507
2301 7801
150 5440
3871 4909
4490 5297
1888 8536
136 5661
6471 8645
1432 3037
1439 7384
9074 9964
2621 8360
5692 8391
3807 9858
4642 7307
5012 7704
7009 8671
1842 2473
2781 5129
5170 8604
176 4360
3136 3149
4687 5556
1202 8372
3620 9640
4587 8227
254 8162
6747 9243
1155 9053
2696 9530
5309 7225
2481 3918
341 8084
2534 2816
4712 5103
4337 6103
7924 8203
2068 6185
1537 4771
3712 9102
1695 3048
1830 2483
7685 8888
892 2706
3216 4796
1044 4146
1044 8525
6433 7877
5207 9422
4218 5770
385 4991
2945 4992
307 8764
1859 7748
3925 6298
478 9572
2545 5589
2053 6835
9370 9571
2065 3276
4396 4676
2289 4890
2872 5183
6344 7303
2918 7760
5910 9790
3979 6494
4637 5248
698 1910
2736 7277
922 5554
955 6874
656 2741
3953 5115
3442 8585
4872 9464
121 6369
2955 6904
207 7807
3647 5572
235 7910
6898 9762
1104 9376
3951 7680
1330 4845
3949 9656
5656 6254
7028 8731
1083 9315
1422 5318
2129 9996
5989 6790
3659 5793
3631 6861
3069 4381
1178 3635
2928 4769
3199 8758
4485 5493
762 9385
2400 2705
1735 3086
4485 6199
1550 6656
4358 7179
2064 8674
1983 7982
4904 8082
266 9804
4338 8118
3145 8412
3906 5043
4026 8049
6138 6726
2604 3141
15 263
6464 9708
1017 6182
1937 3532
249 7303
8287 9380
4779 6000
1744 9980
4280 9431
3812 4639
4528 7784
3813 3881
424 2043
3713 9555
5230 6883
2813 7778
6082 8225
2574 4068
2766 6085
2672 2969
5603 6674
2812 4422
5155 5329
2805 7534
7257 9412
3109 9396
1527 2422
2874 9711
2187 2498
573 4293
2582 7954
2203 4600
2560 6778
2144 7121
5002 7484
5860 7821
3485 6331
2066 4398
3581 6345
2943 5239
4034 8077
3545 8760
4282 7360
5636 8975
4600 7022
4547 8391
2221 2821
2735 4316
619 7346
499 7102
200 5735
2690 6822
3846 7588
220 2118
1270 2417
1093 1955
1102 1383
2108 9049
1538 4614
266 1007
939 9335
8850 9835
44 6589
4634 5604
1349 9724
6170 8416
5004 9455
4213 9637
4077 9503
4792 6011
3879 8676
1031 7559
4349 8427
1895 4251
4037 6512
1701 9935
490 8637
963 1940
5849 7213
5701 6741
3701 6756
3395 7761
4660 6958
1905 5685
5977 9272
243 4246
6687 8963
7678 8009
489 2388
504 2774
440 4493
3982 5465
5616 7704
646 2256
131 8575
2081 4308
2288 3506
2728 8577
310 4229
4976 5254
7524 9066
5207 6802
4426 6387
7258 9788
3658 4919
5736 7761
1771 8098
862 5421
2066 9501
1503 7781
176 694
1730 2510
6025 6820
2415 3037
1792 8796
9272 9572
4992 8921
1533 6105
999 6262
893 8638
4299 5821
766 7814
6737 7066
5655 5722
3835 9066
2771 4195
2199 5352
4249 5544
5513 7211
818 899
817 3659
2215 4547
362 6877
2624 7773
3632 7696
1913 7191
127 4060
2845 5286
1644 5825
3793 5419
5244 9412
3134 5526
7415 8812
209 4401
7287 8048
2496 5926
798 3252
4117 4499
158 7343
4180 7366
347 8797
4596 5155
1873 4694
1436 6502
1852 3720
251 9560
3798 5851
7795 8531
3610 3729
8348 9359
6546 7135
2212 7513
4854 7315
5779 7551
3329 8087
1642 9693
2715 3964
351 7696
4925 6896
8155 9267
6217 8410
5367 5410
5407 6177
1608 3122
1062 1337
6291 8952
800 4634
1075 3229
5297 7692
3427 6723
8583 9291
4848 9853
2568 4233
9337 9801
6036 7829
2486 6062
2514 9711
2871 8227
4854 6234
3614 7070
6906 7792
3490 5218
4108 7756
3622 4553
2136 9231
3873 6765
4057 7216
1607 1695
2509 5473
1399 4165
535 8821
6131 6787
877 4345
1172 9985
577 6221
6362 8294
5929 8327
7308 9391
4590 5694
1025 4218
1567 4963
3138 3745
3513 5421
7714 8645
221 3880
1942 4112
6169 9999
6777 8470
6281 8044
4051 4127
1332 2691
4639 7138
4639 9916
6832 6978
447 2870
407 1454
3214 5673
3716 5804
2310 4702
3237 5612
1143 4680
8630 8714
813 5457
1828 3657
899 9770
4530 5311
2978 7873
352 2559
2685 6699
2609 4645
5368 7781
2500 4325
2790 7265
1746 4084
79 4521
1106 4124
3396 5264
65 9812
2432 2522
238 1646
450 3100
4538 7861
2708 3553
4791 9158
3793 6673
3979 9006
1721 2146
9600 9899
3506 7344
1390 4535
1650 4383
271 4955
2922 4658
3407 9626
4231 9805
466 9962
4074 4924
4634 9377
3141 4681
9295 9729
7000 9222
5223 7288
443 7354
6355 7094
7567 8755
2734 9944
8744 8970
1743 9453
1194 6093
1163 3303
2770 4030
5012 8763
1240 1350
6471 9519
7567 9513
6391 8765
1462 2217
6367 8970
4531 7886
5042 5887
1353 2008
4323 7394
6210 7847
443 5531
3881 9086
3811 6120
1595 4642
5379 7335
68 302
3389 5215
2240 5045
2155 5353
2969 4697
2493 7051
813 9092
2834 9477
7683 9819
2639 7581
2680 3675
2004 9759
1379 5626
7214 8963
4602 6299
4068 4576
4906 5218
7955 9677
823 6533
4394 5055
5785 6008
3689 8563
6228 8738
1287 1401
826 5275
1346 9831
2111 2463
7584 9804
141 1657
7942 8268
1298 6582
362 4166
2423 2786
2240 3577
396 4120
579 3547
7807 8563
4943 8755
5284 8115
1615 3424
2609 9600
2884 4178
477 8202
2892 8115
3085 4268
2136 3294
6610 9548
6127 8932
1338 2039
351 747
4273 9474
149 2213
6432 6715
2377 3089
143 3829
2161 6389
3530 9162
4546 6343
4910 8805
3066 9401
5952 9407
5535 7087
5297 7947
2278 7507
6470 9931
7809 8565
5112 5784
2979 9655
6927 8046
1850 2751
4747 5616
3635 7659
3202 9956
435 6055
2494 7795
197 6460
1224 8464
7289 7909
2205 6388
111 9541
4731 5226
2417 8374
4185 8138
962 9477
7990 8197
4115 8554
5069 5580
8116 8367
2256 9487
2295 8009
2146 6139
8196 8475
5663 8692
5506 8959
3767 6103
8698 9911
745 3003
2833 9366
791 9056
4649 8195
6539 7870
1019 9362
976 4152
2327 6234
2419 7400
4491 9329
3045 3373
7070 7893
2378 8701
4084 5829
5208 9635
1905 9113
6795 8474
1405 1783
6199 6325
4839 7546
7976 8554
4913 6448
8049 8717
1587 1737
4610 6228
8784 9238
5455 8663
2690 6856
7487 9539
4471 9029
1604 6517
2619 4054
2886 4120
3657 9150
4458 7948
2789 3556
9019 9205
2228 7041
3907 6602
802 5016
2444 2732
3125 5869
2913 3795
1493 6821
6970 9689
3409 7004
1937 8807
3599 7052
3800 9956
2593 6221
3689 8083
4236 4618
2173 2222
5293 7640
2407 8681
2173 7729
2554 5840
6576 9300
3409 8583
4304 9396
2721 6863
6691 8694
4539 9935
2418 7421
4755 7346
2518 3728
1314 5849
2431 8928
1350 4459
2521 9328
5781 6522
2293 8709
4592 7910
3994 4485
3362 6640
297 1171
3049 5984
393 507
3656 6846
6054 9810
3789 6989
5330 7789
616 6840
2215 7453
2718 2907
2433 3630
3767 6605
3550 9582
5127 5336
1224 8055
3125 4014
1632 1813
6247 8481
1132 8275
5028 6563
1527 3802
6453 9900
3511 4120
586 6519
1702 3549
1905 4472
5057 5911
9773 9868
4341 6355
195 3464
8626 8898
1561 6432
6768 7138
5392 9465
1828 5217
1072 2498
4508 6971
1490 5615
7938 9066
2681 9545
538 2965
8846 9403
296 9093
34 7847
5626 9231
3195 7761
1129 5777
6946 9367
1460 5231
1994 5278
6417 9913
1179 1286
61 5774
1695 9451
4163 8672
202 5514
913 1257
1350 5822
2999 4950
2442 7782
5912 6906
450 4222
3562 4885
8731 9692
2861 4440
3509 6322
7007 8215
252 7535
3389 9959
764 7800
1709 7847
3301 4386
3619 6842
2885 8688
5457 6185
3119 9378
3413 3872
344 5583
799 1638
2089 3190
60 7460
7104 7644
6480 8630
764 3900
1779 4622
4307 6140
6871 7604
4403 9766
3979 5746
8138 8213
7717 8553
6270 8332
1852 6062
4714 6320
5389 9152
4588 5805
58 9891
813 6083
4485 6641
9324 9930
7308 9216
4618 5910
4165 9804
2157 4015
762 7132
555 8190
4545 9483
1640 8531
5976 9148
7318 8473
3727 5051
7298 9822
68 5808
4735 5440
580 9580
6207 7556
1701 2418
2472 3550
624 3681
1369 1619
6387 9008
1342 5208
454 2057
4767 7729
8545 9877
6780 7209
802 4102
1170 2867
6503 9300
3409 9764
4428 9325
3787 9295
1509 4062
1590 7261
1767 5078
2647 7501
5044 7204
1570 1583
1768 2928
804 6389
1900 4781
513 4313
1140 7422
20 6442
842 3274
2438 9922
121 3176
270 5410
5655 9709
3156 5756
4851 9590
795 2601
5633 9386
2618 6381
79 5324
2261 9142
566 891
2451 9654
2962 9672
6741 9079
840 6574
3352 9123
4065 6917
638 7418
2083 6670
2750 3789
4209 6658
2566 4424
3237 9772
2699 5864
3822 6822
5656 5847
4747 7035
8473 9440
81 5926
74 4677
3732 8596
5327 9498
3542 4730
2565 8661
1166 7732
1131 5017
864 6982
3824 8156
4138 9340
1874 8502
1620 9962
3497 7833
5044 7933
3432 5186
258 8271
3798 5407
1361 7359
4367 8049
7737 7812
3187 4510
1564 3404
2201 8986
5293 7211
7438 9909
675 679
421 534
2270 5953
6260 9211
1744 9047
232 5110
782 5915
6839 9340
9168 9604
903 9944
2718 8034
2141 5075
3763 5825
2402 2823
2978 5493
8274 8475
468 9608
950 1909
331 4141
3915 9263
1125 8417
1681 8659
228 6240
4638 5820
401 9445
8445 8807
500 3105
8090 9929
23 2918
4137 7085
6765 9307
2864 5743
447 1746
7567 9199
3259 3513
263 3229
6949 8656
5941 7456
6737 7817
15 8816
1518 9759
2190 9328
2309 2637
2948 6533
4176 8271
4473 7809
6309 9830
342 5956
8583 9764
1329 9319
890 6214
1230 3454
218 5165
3984 5829
8985 9600
2691 7164
6322 6522
1631 5473
6016 6933
4388 9239
5709 8305
3000 8137
4129 9185
1007 7310
1750 7642
477 1029
1707 9387
3196 9853
1656 7005
518 4731
3519 7701
925 6108
2069 6231
790 9162
3825 5753
9162 9387
554 2202
1561 9756
1730 5129
4136 6264
50 8189
391 1390
3071 9963
2751 8891
4061 7219
1349 5436
1664 9630
481 1010
972 7568
4719 8727
3858 5915
6404 7259
886 3107
558 3051
8998 9418
5637 9996
5260 8571
2323 8795
7334 9770
3253 5095
637 4508
3632 8199
8152 9590
3779 7722
4332 6297
818 2833
3326 4212
5654 9543
3340 5641
1638 3572
8 5931
3674 7704
1439 1590
1426 6375
249 3873
5817 7695
5489 7364
6319 7117
581 8375
6915 8399
2620 9038
4123 7532
3264 4995
7939 9355
3206 9142
6231 9772
8816 9108
1691 6595
1572 6026
1188 7261
5423 6500
7692 9066
1183 3836
5173 5741
2562 7821
5259 9776
1155 2699
5341 6715
216 2222
7480 9883
4491 4632
1436 1474
8382 8884
1017 2916
172 9009
4977 8110
4377 6859
4359 8424
3257 7613
1513 1613
2765 7356
7687 9047
5336 7854
23 9625
4070 6751
423 7136
579 8717
453 5208
3025 3356
3677 8168
5398 9780
1212 3370
1645 6987
408 7894
5396 8885
229 7997
843 2471
4206 8246
8884 9196
1086 7557
2615 9406
634 9379
5588 6456
1002 6478
2681 9298
2836 5423
577 8473
3978 7620
4731 7288
4390 6344
1374 8155
772 8049
6210 8723
6264 8106
5095 6539
3361 3486
6939 8108
4670 8665
1923 2509
445 2151
81 2439
2427 5718
8094 9642
3335 9246
518 3610
2186 5173
2700 4911
771 7644
5188 7891
3513 9708
2873 8921
3905 6104
8760 9301
1354 9692
6120 9534
3085 5852
5511 8354
1332 9724
4553 8824
595 1848
1732 5065
3806 6483
6482 9331
785 8747
590 4748
7503 9519
72 3905
2526 7542
197 3042
3322 9217
3899 9942
4052 6653
424 8384
1621 4933
8277 9399
2187 4810
2932 6518
4542 4898
1125 5437
5267 6220
3198 8731
241 9708
2465 2905
3834 5095
4243 6255
2850 6859
3828 8428
2578 4989
423 1743
2839 4610
1555 1800
466 8220
6078 6537
6619 6791
2255 6142
1908 6488
1100 6854
4732 7511
431 876
3215 6856
4953 9106
7983 8907
6308 8294
2522 3955
601 3784
1005 5053
314 2259
7090 8619
6355 7647
3782 9427
6627 9825
326 8824
7667 7770
9385 9766
608 3801
1235 4610
3454 3712
2519 4892
4491 5655
2824 7349
1195 9978
3353 7188
685 2564
720 7232
5504 7652
3986 5273
774 3968
1912 6718
5698 6343
4206 7814
301 7307
2469 7695
3218 3814
3163 9724
87 9365
7463 9020
5185 7482
1377 3964
2283 2602
4235 9367
1388 4309
1155 5596
3136 6980
138 5765
8198 9498
7746 8043
2731 9997
6693 8607
7168 9614
4960 8460
3835 5980
5356 6403
1951 3644
4279 7798
2429 7973
2593 5765
4729 5674
6374 7823
5065 7111
1337 2221
1514 9456
912 9692
4913 5199
1943 6237
3578 6603
533 1721
3076 6453
2850 5003
4849 6446
2938 9380
2573 5357
2335 8781
6019 8301
3474 7809
1808 8509
6441 9952
752 5892
802 8519
1190 4307
1690 4972
178 6802
676 9764
4508 8301
5208 6671
5827 9627
1505 5272
9430 9700
4602 6352
2152 6791
2517 3238
1879 2578
5392 7216
313 3976
2293 4618
3112 8731
3563 7645
1699 7692
1813 3822
3740 4487
9060 9736
6323 6660
7386 7979
3302 8967
1359 9249
9006 9194
1314 7857
612 1869
5268 8152
5284 9342
3595 9824
3943 6383
389 8622
5275 9547
192 5885
5170 5421
2424 2717
5064 7052
8220 9089
8042 9329
5531 7508
156 3594
2851 9534
194 5976
7102 8997
702 8476
3700 5300
1909 5021
1850 7732
1332 7695
3353 9780
4120 9847
1448 4855
1291 7822
552 4923
2836 8860
6487 8166
1713 8066
4143 6796
1337 1357
4334 7496
3419 3657
3409 7053
402 4027
1931 8995
2578 4646
1318 1886
246 2337
4860 8235
5725 9942
2323 2456
8330 9820
6526 7734
127 5031
4103 4576
2168 5330
7147 9375
344 6125
7761 8406
323 2189
4803 8382
6192 8478
3829 8519
5845 8471
4808 7068
4373 9510
4581 8822
5575 5817
4078 5512
249 1349
1584 8378
4181 5143
793 3040
1943 2905
80 4707
1613 4967
768 2261
2617 7743
5293 9497
1166 1224
1329 9054
2837 9775
2978 9107
7 1629
4522 6115
762 7506
1795 8949
1733 8088
1284 7861
6679 8758
2280 8866
859 5468
2898 6213
2732 6389
1480 5722
2173 8134
1238 9114
1007 9804
1681 3098
3726 7258
3159 3638
1246 2454
4014 7503
1973 3151
875 5351
782 4166
544 9926
1065 4739
6752 8222
925 2365
1560 4388
1436 9429
3385 5499
6055 7686
7883 9506
5072 8773
168 6704
3137 8100
1496 4732
2867 9735
5307 6706
2414 6822
3421 5296
2275 8057
4583 6888
87 9827
1007 9140
1158 4554
1619 3801
30 7500
1581 3752
968 2161
4112 7038
5424 5577
7302 9763
7147 7338
2497 9692
1411 4544
1519 7546
4887 9065
6013 6522
1009 4874
4645 5408
3782 9199
1170 8077
1612 5738
347 4820
480 625
4718 9007
2444 2514
547 7387
5847 7613
5361 9162
1040 6589
968 5072
3474 5865
1267 2275
3730 5210
1220 4732
7523 8480
249 4518
5017 6723
4666 5556
5254 8388
2164 5743
2995 6217
3779 7515
2664 5875
2884 3512
4849 7452
9246 9311
1418 4716
976 4538
6645 9272
4838 5986
4416 8391
3518 3562
763 3504
3388 8784
3510 5389
743 4546
3665 9250
6902 6957
5625 6643
5420 8042
1744 7194
1770 4160
8986 9821
7655 8152
7638 9693
1092 3264
3363 6228
4160 9041
4751 6742
4397 5207
2548 5651
138 7186
2535 8953
5896 7147
1466 1766
6116 9408
8186 9694
7080 7349
703 2335
9193 9864
7357 9253
3583 6268
4413 9481
224 2109
1589 5243
8985 9371
2455 6623
1584 9159
2146 7093
4201 4444
5580 8908
7261 8627
1858 4397
2341 5670
1187 5103
7085 8573
739 2795
3462 7822
851 7945
4567 8195
6462 7891
1363 4838
2750 9122
6254 9357
4089 8841
3941 9538
5659 5758
3879 6517
2628 9249
2525 4895
4255 4619
4607 5431
8706 9982
2858 4747
859 6687
3640 5472
3416 8869
3989 8860
423 963
1951 9929
1786 3173
37 2334
6409 7920
5736 6066
639 9670
2463 8867
3638 8474
1604 4144
8851 9156
3664 4136
771 5244
6386 8419
1961 5390
2079 7972
3540 4643
4944 6915
1893 9890
4966 8103
79 8730
2751 3482
2197 4606
1393 2909
5572 7067
2445 6117
1968 9334
1902 8187
8443 9400
40 225
1081 8239
1835 2412
1718 2541
1183 9007
3469 5756
8365 9977
3233 8328
6821 9460
3846 9351
4343 8886
3550 4206
2612 7963
70 9734
3949 6985
3881 4977
4926 9990
6228 7800
3506 7023
3858 8440
3756 9316
2667 5244
5611 6362
1492 3012
365 3008
6037 9098
5084 9283
27 3198
3542 6077
502 7409
2212 5601
2989 7213
1195 2881
9465 9555
7 6300
300 4102
5417 5833
939 4149
5291 6049
1517 9561
5057 5109
971 8379
2989 6715
3497 8103
2883 3037
3975 4652
1180 4895
3103 3819
1567 9895
772 1639
4800 7096
2616 9948
3414 8225
3275 4373
244 4403
6828 7700
3260 5758
3632 7010
1781 5719
5119 6896
1520 2879
200 4712
3337 9031
3679 5021
1180 1667
6867 7693
2653 2997
1075 1809
3134 9251
2833 3227
2731 4990
2934 3780
2293 7094
6729 9657
1927 3895
909 9070
1230 3663
1454 3759
361 4574
5127 7202
1359 3344
7695 9947
3945 4059
569 1236
2020 2466
6636 9293
2465 5651
6640 8168
197 8375
6928 8303
4134 9875
4213 5088
1902 9125
2427 5170
311 5140
625 8077
1018 1037
3049 9562
260 2794
5446 8320
2493 4161
2089 2612
2617 6088
3796 7523
2573 2627
351 2855
1500 7908
1601 7998
6142 8420
1031 1054
3076 9988
814 831
6746 7774
3761 5444
7583 8995
2849 4403
1650 3968
3979 7317
6832 9132
590 9517
668 8378
2750 4318
3875 3928
680 6041
199 8476
1257 7000
3598 4262
2003 6178
1505 3137
1312 4242
7000 8810
5455 9454
1612 1901
3583 3590
4827 9725
1075 5886
6291 7771
8144 8771
3667 6262
5722 9766
5398 8185
4839 6859
2523 9796
1623 2503
1505 1595
8677 9534
3517 7424
4004 9626
2648 8267
6049 7465
318 7323
8308 8776
2546 7970
3924 9580
2417 3505
3562 5098
3965 4539
2234 6346
4108 6537
3654 5217
2473 7180
242 4345
3400 7318
7020 8049
3493 9897
3167 7382
6451 6461
8815 9757
4600 7638
2402 4528
5633 9922
2702 9502
7895 7900
1774 3278
5402 5884
5736 6320
3888 5277
2739 3367
4201 9414
3493 5399
833 4447
102 8692
372 7381
6111 6211
3321 6388
1145 1856
1007 6569
586 7565
6856 8034
2456 2725
1280 1447
5786 8758
2439 6968
3631 4614
295 445
301 3656
1526 4045
1604 6691
5191 5559
9299 9655
2683 9041
3007 5185
389 1134
2116 9128
1195 6875
92 9166
7193 9205
7285 9776
3780 8208
11 5450
2206 2886
521 8391
5442 8593
2359 3328
2901 4107
5805 8539
5323 5865
2660 4073
2215 9129
2094 2399
383 6075
700 3252
1460 9059
3238 3428
8077 8200
2008 3116
1336 6902
1166 9637
2146 5989
5719 7345
4689 9365
4068 8484
4372 9437
2601 4738
4125 9922
114 3868
1917 9347
412 8849
4343 8137
2484 8748
9448 9872
855 7624
4229 9793
2213 3164
1184 5880
2065 6560
3752 4607
2618 5027
961 9801
6231 7641
7183 8730
6969 7608
1177 9978
1486 7636
1528 8802
2040 9325
5820 7818
4638 9070
3110 9315
7658 8401
94 2934
1238 4375
2011 3137
2633 5505
2566 7831
1000 4585
5720 5790
2451 4803
1240 1414
2341 5325
2774 6208
609 1675
4387 8021
5992 8118
1850 5966
4769 7459
2431 4297
1313 3296
8047 8166
5075 6165
61 7612
1258 9056
1369 8073
1031 5913
2141 7812
2210 5875
805 5849
6054 9779
517 4459
1509 6154
948 3986
682 8381
3426 7879
6515 8586
1917 3260
1466 6470
743 3167
3201 9014
3276 7080
843 1770
3810 7537
3965 4178
7732 8917
2166 8729
1808 7307
92 903
2227 8102
827 3505
1888 2398
6770 7787
2820 3263
1941 2454
3530 5714
2192 8748
3407 7968
3598 9140
3663 8565
1399 3326
3802 6396
835 7847
8363 9359
1246 9927
4698 9601
4242 5795
2526 4253
6418 8112
5767 7324
136 9109
6610 8391
4102 7955
3954 7474
4762 5267
7631 9963
3594 8150
2326 8634
5140 6421
7483 7547
7093 8049
4527 9483
5449 8267
350 3000
6520 6565
4645 5952
1613 8748
7255 7723
941 4795
2701 8179
256 6708
440 8231
3727 9804
1651 8586
836 1931
6619 7705
3337 5974
688 8481
2030 4658
690 1306
3771 7403
7658 8763
2870 6105
481 9120
5763 9503
7732 8049
5529 8506
235 6328
3248 3671
2000 3053
6393 7305
236 7661
5938 6062
4634 8155
3167 4871
3879 4531
1260 3788
356 8516
3463 4244
3138 3817
394 9487
4761 9405
5722 6304
622 1430
7440 8100
2417 3383
2341 4097
3644 4143
1830 6377
1630 4109
2955 3314
3389 8301
271 5874
854 5431
2646 8984
5450 6644
3748 6567
6610 9024
344 5819
3615 5312
2610 9302
560 1802
7457 8265
8108 8986
7925 8160
683 6085
2093 7152
3075 4819
8112 8807
535 6646
695 5777
6011 8772
6621 7219
2739 8300
3633 5447
2871 4990
423 878
1965 7717
1247 2388
2531 7703
2346 6054
1340 9859
7958 9469
3929 9333
4259 5300
5439 9156
1767 8784
811 9120
213 8547
3550 4992
5052 6241
5286 9486
2095 7118
7188 9904
7731 7770
818 2415
7784 8571
2360 5505
5925 9766
4506 6758
347 5207
275 9612
584 6785
6678 9134
1985 3542
2980 5672
2987 5630
561 7864
1695 2612
1519 5414
1109 8929
7262 8108
577 8777
3401 8202
2750 2975
362 9498
70 4685
5507 6317
5225 8191
1624 1881
979 4275
994 8154
3039 4680
3011 6199
6165 9961
3803 7414
284 1233
2297 9971
3449 4906
2040 4074
58 8202
4637 8383
2948 4206
7584 8521
2323 2612
1247 6752
5733 6686
7665 8440
8448 9286
6329 9099
7387 7628
8086 9059
1166 2632
414 6782
6197 8384
6740 9297
612 3785
5732 9988
1725 1967
2293 3248
886 3229
3374 9080
3001 7995
2216 7792
1733 4229
1065 6522
2620 6033
4718 5382
1114 4991
2712 3579
4386 9168
1896 7783
5937 6851
5368 6268
4335 5030
6260 7047
5433 7048
4125 4311
2451 8737
1509 4240
2971 7353
3212 3270
4944 9256
3654 7290
1434 9555
5673 6169
1738 5374
6177 6560
2624 7648
995 9877
2706 6213
2707 8932
2203 4929
3341 6404
2734 6185
668 2894
5244 8641
221 2405
5956 9956
6540 7913
4313 9519
3707 5875
4874 7835
1736 7009
948 7525
6281 9097
5560 6970
5423 6906
127 6563
7595 7962
4362 7052
1235 9376
104 413
1211 7281
3049 9696
2869 2917
2384 6299
1393 7203
1400 8118
4151 7305
433 3274
4813 4913
980 2610
5242 7201
423 8122
3917 5011
2119 5974
3427 4987
5736 9386
561 7094
2189 8227
948 7695
692 1337
4500 5711
8583 9340
5184 6379
2878 5366
6805 8399
119 2512
397 5106
5407 7959
1902 7483
4274 8593
1499 2707
1192 8616
3674 9445
5369 9966
2836 3505
3306 5308
945 3731
3068 9750
3317 7856
7154 7551
6151 7342
4198 6162
3926 9140
3398 8021
4162 7977
1211 3674
225 9383
1151 5595
2279 2892
4110 6263
5770 7408
4248 5777
2619 9623
7512 8975
1169 2933
253 6320
966 1931
2235 7349
1566 7724
1288 6524
3409 6295
606 2777
677 5099
1294 9854
3229 7850
1074 6377
5754 7850
4266 7786
4353 4614
294 835
843 9893
716 6851
8808 9757
2364 6521
8004 9927
182 1086
7421 8677
6365 7812
7466 9319
4512 8816
4713 6843
6814 8764
8412 8984
2262 8795
5939 8191
7936 9124
703 1198
6742 9796
154 5127
720 2421
161 4054
3454 5379
443 546
1557 5402
2319 4490
5261 7556
4099 5057
7717 7866
4267 4630
1257 2816
8574 8920
1055 9068
417 2230
7223 9410
89 1183
1025 5184
1080 8320
4795 8141
7232 7854
6612 9344
4807 6014
3282 7235
2867 9952
4673 9006
700 6115
134 4280
5272 5294
2179 7083
798 8145
4847 5441
7415 9523
2195 4138
951 5769
2732 5075
4078 8220
4403 6706
2018 4590
623 5772
268 3771
2158 2552
362 772
3579 4383
3120 4651
5539 7228
61 9714
3513 3989
2151 6190
1501 4203
4259 4965
2227 8077
3714 5818
2764 8146
1813 7512
7680 9838
6613 7662
2097 6740
138 6874
5612 5908
1427 2427
2087 3319
171 8191
4528 9063
4027 7767
685 3632
9059 9891
4160 4651
275 3955
7346 8581
3016 6452
1910 3349
3902 4136
190 7463
7299 9759
5188 8962
5863 6504
1284 8574
4995 5951
2227 3206
1855 9662
1688 8379
3238 9799
2463 7774
7512 9714
2074 4077
1695 5264
2192 5307
3901 5883
544 8377
2794 5835
1291 7154
1735 5754
2866 7745
2498 4727
1200 7304
7262 8767
1905 4234
4276 7153
5521 6572
717 2451
3266 6723
7118 9294
4860 4994
2017 9554
599 7698
899 7147
288 7174
4144 5534
3252 9242
2751 5482
499 3320
3449 3607
4790 9840
1805 6159
2364 9759
2417 6304
762 7367
352 2907
2854 8222
1262 5670
7766 9760
6477 9454
4614 6940
3263 8768
436 3683
1 4262
6092 7099
1496 9957
6786 7749
4977 9630
7035 7617
2119 4202
1496 3578
903 7846
5036 6299
350 8573
3156 6539
452 8692
1310 4807
4783 6414
4028 7452
4778 7509
3121 6998
2836 5925
957 1246
5926 9094
3404 4335
905 7420
3134 4659
616 2291
1249 5616
1460 6877
2402 7408
1831 8580
4184 4237
170 9681
6659 8178
1354 6066
7812 9343
934 6423
2723 5773
5444 7518
4243 5664
1885 2025
4747 8199
2139 3163
3083 7752
2854 8440
2195 6927
3656 6105
2523 8755
1031 9918
3521 9788
3300 8975
3490 5110
3436 4557
4419 7873
940 3847
4835 7298
2440 5885
2288 7816
6528 8824
237 5515
983 6094
589 8623
1629 4483
3427 8665
2158 7457
2729 5600
7477 7939
9555 9761
8722 8851
2163 5079
410 8975
7936 8420
6863 8890
2173 7457
938 7676
5275 8352
1518 2539
16 8100
609 4043
1359 5352
1983 5169
4265 6039
4632 4805
2135 4073
987 8215
6240 7444
1474 2875
5791 8336
327 6604
9835 9965
1118 4368
7813 9778
3525 4833
4029 5391
585 7192
6165 9658
882 2971
3031 9474
3188 9884
1465 7250
7806 9494
3696 4142
908 7300
904 5257
1164 1500
5511 6956
3722 5362
266 9343
5160 7867
7247 9109
2083 7512
2505 5534
8088 9286
3290 7203
1466 7348
2883 8424
3681 6114
3048 9356
875 1659
4491 9570
852 4290
2889 9342
601 3547
3175 9458
4221 4870
1388 2221
2032 8435
3274 8859
3816 9959
5683 9158
544 9066
4501 5451
993 3261
3665 5258
6226 9664
3484 8327
680 1808
5354 5835
901 2811
4108 9843
3021 3622
827 5712
5636 9714
916 6714
7370 8426
7492 7964
503 6967
9344 9757
1256 9425
9162 9249
486 9125
92 2642
128 8725
2506 4267
2957 7563
2989 3665
6008 8372
1246 5644
1965 8760
1920 2387
1181 5989
7290 7422
2512 5381
3593 4963
1080 4421
1230 6522
3658 5933
4292 7644
3721 9451
638 4943
424 5783
1494 7375
2199 3216
3829 8391
5790 7716
625 7850
7155 7608
1972 7427
6071 6241
74 3707
3856 7856
127 4805
5387 6010
4553 8784
89 4370
554 8322
5780 9601
1771 2699
2666 8016
3513 6304
9147 9522
4746 6888
41 7698
3015 9181
369 829
944 4764
6192 7484
1769 2798
5233 5297
1193 9972
1753 3500
7789 8288
946 3572
5221 5240
2362 2564
9454 9767
695 6636
3406 8731
3335 7843
9218 9433
3264 4592
301 8547
1479 6739
1299 2362
1035 6741
4638 6297
1479 9055
1684 2280
7509 8520
1393 7822
4446 7756
697 5096
8042 8900
987 1287
7564 9139
7444 9998
4608 7022
7577 8672
4417 7046
1093 2478
2537 5448
3111 6388
2621 5604
3590 8682
639 8733
1125 5252
2586 2955
403 1115
1058 4818
5840 9560
911 1566
3396 3637
8958 9625
1333 9239
3439 8768
555 5312
9655 9889
5408 9501
5507 9059
8110 9513
6457 6678
3885 9802
5825 6755
3638 3684
17 5129
2681 5512
4980 9150
5885 8901
3556 4857
3860 9338
6755 8743
757 8341
1217 5121
781 9252
1093 7153
3735 5068
2075 4267
3071 4237
437 6279
1360 4747
3610 9931
818 7856
7158 9343
4367 4800
5771 7484
1510 6087
3019 4246
7066 7918
3008 8482
2500 6308
1819 4385
1555 4715
5272 8711
8144 9250
1472 1495
7505 9953
4935 9034
3126 7846
1154 7310
1044 5433
6503 7268
274 1934
3134 6939
522 2714
5008 5047
7631 8543
451 4034
5114 9913
463 4037
4308 9355
1701 5327
766 5109
3373 9460
1756 2978
313 6105
4213 8758
770 2625
7414 9283
3331 7758
8026 8781
1025 4419
1895 8023
1177 9840
3378 4821
1953 4282
1189 4138
5795 8584
177 9380
1793 4160
2785 4780
50 703
331 2242
752 5921
294 3822
7200 9339
885 9094
1543 8106
2456 4908
4305 4830
1214 7911
1002 1272
845 6733
790 5517
3621 4181
4432 7850
2842 8091
8070 8654
2490 6929
5292 5404
1262 4295
5220 6938
1746 6086
2665 8809
477 4367
1703 6539
446 4730
2099 9184
6244 8070
4571 8327
2683 4381
4014 9440
293 8738
2494 6684
349 4003
2985 6071
5309 5359
4846 5818
6772 9654
2327 5886
5908 7005
3735 9709
1400 5822
4338 6933
6364 9369
4307 8272
7198 9804
1810 9407
4813 8209
7307 8921
1077 6941
1581 8543
1422 8957
912 1856
5527 5683
3388 4885
3548 8209
278 4467
2419 8889
3305 8700
3858 4542
7257 7592
7353 9563
6416 8860
5148 8452
2808 9193
8872 9582
405 1439
7432 9567
1399 4462
2756 7707
1310 2096
249 7164
335 2273
3362 8440
1052 6851
4782 6428
8975 9760
4166 8082
2415 2967
1180 2987
3112 4968
1384 3838
2820 8185
2621 5277
1952 5445
3599 4280
2645 4536
570 4459
3035 7456
3078 7722
6183 8117
498 7964
2189 5783
217 6115
8070 9969
4239 9126
6249 7212
478 3590
2355 8576
4370 9727
7034 7455
87 3663
8827 9582
675 8654
9353 9756
5526 8218
1286 3302
1649 4246
90 1167
808 9411
2527 2947
1792 2612
1262 3103
4522 7938
911 4304
6969 7274
4390 9957
2417 7492
5454 8244
3011 8736
1811 9032
1715 8641
6000 7085
3073 4206
8605 8713
4610 5278
705 5685
9716 9899
3909 9909
1352 3467
1645 3389
634 3224
4607 6568
162 866
1509 6753
4228 4362
7817 8364
6661 6759
4206 6500
4014 9931
2463 2952
1270 4424
4608 5367
3019 5329
4442 9487
2932 8677
1785 7936
2120 9554
2718 7397
391 9561
719 6923
2201 6293
2886 6601
3209 4765
6088 6139
893 7138
3221 5555
5026 8110
7008 8992
2427 3931
311 4036
7277 8351
2821 9963
1013 6770
1578 4449
2366 5759
1216 8217
389 1452
1269 3391
3249 5351
7349 7925
5130 5601
6344 7164
7946 8570
1363 1975
2820 4902
3342 7312
1068 4278
335 4992
5811 8408
2676 3016
199 5583
6428 8292
1861 3825
5395 6092
1668 8864
3019 7288
4658 7977
5098 7982
3086 3370
2546 4108
1329 8196
743 2956
4400 9186
1519 3959
5051 7035
2933 4263
3658 7847
992 9132
7705 9754
3757 8505
565 5104
3176 9050
3977 5662
4924 5196
3263 4473
6700 7346
1664 7528
65 1258
4887 8316
6802 6982
1684 3264
5504 5564
1909 2222
4473 9815
5528 6490
7190 7829
3642 6309
3512 3851
5791 8963
1365 8274
2891 6073
1136 9956
2675 7114
2391 2518
3891 7774
771 6679
1430 5596
2640 7710
6398 8116
1521 6355
5421 8851
5939 9028
3599 7830
2494 6965
1441 8622
4322 4561
4386 8963
207 5302
6448 8552
1000 1403
1583 6876
3635 8302
1616 6985
3587 5562
4351 6299
1585 3260
414 6846
2424 3881
7375 8963
3162 8190
1354 4267
6516 7747
3862 9222
2106 5575
128 4695
2999 6846
4267 7554
5725 6517
5052 5791
445 9971
901 7878
4386 6795
1730 5939
7867 9121
4862 9830
3765 9813
3116 7077
5066 8546
762 2158
6037 6749
4305 8477
2925 7434
6019 9070
9416 9900
1902 2250
3764 7460
2056 5953
5422 7950
8104 9530
5112 9118
285 2283
8 1888
5902 7556
3398 4895
708 8380
9063 9112
5782 9759
4730 7169
1187 4571
3756 8108
9601 9731
7323 9783
7989 9923
507 6155
2 3059
2892 8070
6179 7577
925 2699
147 3236
4364 7564
1192 3099
451 7625
4640 5735
3614 8369
1431 6416
5294 8860
3976 4518
4318 9221
2087 5748
1666 6230
6448 6491
3888 5075
4488 7011
1254 6191
7168 7869
197 2163
4284 9963
3564 7577
1634 2966
4018 9419
1561 5366
3573 4600
5254 6706
793 7644
923 3196
7448 7782
3590 6326
1354 5084
1171 1633
1765 3274
2725 3733
798 2573
5784 9561
695 3872
4075 6008
6999 7490
5321 8309
4100 4556
3646 9086
7570 9063
6087 9964
4343 7696
3496 6641
3960 4235
3628 5172
7592 9321
5078 7895
2233 9078
122 6055
1720 6626
6966 8021
9325 9399
1564 6744
1556 8301
4900 9260
3290 6020
2552 9863
1902 7154
1827 9697
242 6602
6272 6299
4793 8168
6124 9321
6694 9642
3595 3622
1878 2292
4327 6752
3546 6160
1709 8067
393 7866
3126 5358
4938 7228
8538 9465
5145 7072
220 2190
5021 9199
4309 6644
5221 9810
4963 6299
429 9750
1821 1850
8062 9367
2001 5910
3222 5580
6739 8179
5720 6814
2101 6749
5788 6872
4354 8835
2257 8652
1441 7910
2669 3702
5330 6846
3904 9635
62 5562
194 7488
6553 8972
4879 6905
1546 7461
7780 9868
2841 5983
5535 6477
195 9668
2004 8473
4615 9458
3593 9535
6992 9726
3933 6885
3412 8483
3152 3881
3050 8023
3920 6559
6883 8138
3952 7554
6825 8659
447 7816
408 2427
2328 7608
6428 7317
4052 9707
3638 9816
4469 8513
8375 8424
1180 9387
1728 2824
4510 7127
5325 9261
89 875
2507 8495
303 8202
634 2409
6832 7490
3119 4735
547 1562
2790 3263
2143 3098
1376 6570
4872 9554
175 2524
70 850
6918 9261
4101 7941
7406 8312
969 8246
577 2150
1274 8284
842 7822
173 4698
7947 9929
2970 4459
1464 6555
2610 9804
368 1530
1180 1642
7763 8736
4368 8949
6056 8227
4731 5254
4201 9333
662 970
774 4571
4955 6918
4474 6427
7189 9038
192 6475
1369 2797
3974 5783
6099 9748
1010 8365
3272 5944
6723 8452
2070 2799
2822 4860
743 8597
6615 7327
327 9633
2646 5844
4600 7603
882 9277
3502 9623
1388 7503
55 1752
2928 7980
8195 8270
5408 9629
608 1782
4599 6389
3550 7307
616 2388
721 9203
1150 9960
873 7324
5696 6688
4744 4883
1661 7309
1927 4516
7026 8820
4038 6001
2042 2483
4830 5493
3562 5834
4608 6531
3503 9510
8671 8748
1461 2014
851 9086
1343 5564
790 9624
4902 8960
635 1257
3163 9519
3166 7183
3608 6610
3116 5712
4926 7158
5293 7718
2344 7703
7726 8524
701 802
2380 7053
2570 4994
878 8763
7465 8006
6362 9032
1730 9483
932 3492
6560 8005
966 8605
1031 2115
3177 6364
5975 7846
935 1850
5578 6337
3069 5272
4431 9961
350 3482
1311 7973
714 3719
6522 7589
1546 8147
1128 6658
1486 4536
3204 4882
225 3816
4757 8116
5819 9753
3526 6490
1709 7537
1910 7327
6228 8965
4598 7316
3014 7294
3627 3941
7285 9921
244 3562
3813 4351
4656 8966
7877 8993
4610 5330
709 1216
8921 9788
768 1681
6277 8292
1595 8100
92 7394
209 5848
9114 9134
167 399
1337 1354
4146 8921
139 9109
4890 5213
5677 6977
4451 7866
5014 7483
162 6551
6313 8581
1184 7418
3356 9214
2379 8106
1178 5178
4113 8732
4411 8315
5978 8368
46 2542
5163 8196
3497 4587
925 6185
95 3250
677 906
6936 8903
5175 9666
4939 7912
1393 2983
3073 7531
7198 9487
4772 6228
4572 4713
275 2714
6859 9774
1155 9119
1132 2366
7279 7775
1007 3594
1601 1799
496 6372
1044 3746
952 8370
4174 8216
5322 6384
2959 9456
3923 9650
1253 6255
3398 5618
2904 8468
588 6571
4390 8547
197 8896
4943 5395
5087 9291
1576 4908
7707 7784
1656 2394
7025 9859
850 8391
6847 7477
1085 4639
1816 7500
9424 9909
1584 7710
373 3594
1677 7261
7578 8902
3779 7796
3505 9761
8196 9646
8641 9055
3470 9138
1833 4808
2013 8678
4758 8380
718 3103
1517 4244
794 5376
7307 8860
2174 6226
2755 9073
3182 7503
4313 9644
6066 8006
1584 9573
5324 8217
5846 7132
3410 7711
4025 8937
5574 8535
7053 8723
1025 1251
819 9191
5170 7203
4221 5324
530 1076
7206 9127
4443 7452
5237 9070
466 2719
6681 6906
344 1905
9003 9125
1102 5074
515 6906
1187 4130
1669 9561
7673 9369
3199 5371
5823 7168
1650 3696
3486 5562
5555 7421
752 9486
8660 8859
3356 9239
3159 5780
3745 6102
1545 5301
81 7482
6363 6367
2510 2738
978 6187
4500 8310
3706 9853
1414 2063
4221 4551
4156 4700
3135 3356
1659 4459
5800 7035
461 7198
3312 7161
300 1995
4590 8988
8815 9449
482 2429
2821 9601
5941 7971
864 6893
1850 8137
1119 9666
675 5995
141 8308
2621 4490
5060 6517
3309 8100
121 459
4839 6794
6613 8155
6302 7835
2077 3460
4698 6621
6019 8318
5423 9271
2327 4571
799 4325
2022 3205
8963 9221
3513 4403
2791 5547
2059 3359
3825 9947
4201 9092
7425 9796
2854 8198
3696 5558
2327 7025
399 1893
5939 9776
214 8267
2885 3564
948 1466
2237 4327
5091 8511
4610 8997
4747 9561
4520 7149
3986 6106
5187 7907
404 5244
948 8953
7126 8923
2909 7335
8424 9760
3969 7022
98 7664
7408 8815
3126 6486
2809 3104
1200 8836
1577 6319
9202 9325
2619 6295
618 7342
6971 7174
6729 9257
5978 8556
4846 7938
2989 5462
140 7760
627 1607
7503 7955
5790 7333
3382 5229
3195 6304
5161 7378
5699 9157
2780 8835
3503 8140
2514 4055
4871 6668
3866 4493
1861 9231
3745 6410
629 3039
3554 6277
3911 5504
414 6818
2606 9449
109 4715
2280 7080
1650 4443
414 9582
4438 5360
1935 3867
3590 9760
3314 4895
3162 6749
599 8424
8442 8930
4470 4729
2845 6445
4748 5417
1412 8827
3357 3585
5570 6635
3696 4399
5837 9109
2635 6025
1170 2862
1431 8583
2013 8997
2878 4101
1563 5507
6533 7761
1684 3649
1118 2713
1300 7955
3977 7440
1269 5883
1929 9240
3627 9985
9066 9885
6950 8278
5457 6083
1112 5079
2821 6153
3260 9593
2961 8415
7069 7093
4583 8108
2557 4611
742 8458
3497 7024
3775 8478
3739 4050
5636 8829
978 6213
1906 4792
2938 4233
2787 9150
2433 2883
6679 8731
1510 2476
2946 3156
1463 2856
513 8558
2197 6259
6409 6566
1458 9257
3473 7642
1400 2971
5320 5491
1397 3958
7108 8370
4447 6809
923 4459
1927 3545
8356 9780
880 1111
3739 6689
6441 7631
733 8365
3087 7560
6320 8102
3711 8711
5021 5077
1188 9385
2691 6352
1043 7607
3477 4603
7212 9047
2377 3958
4246 6095
341 4587
1333 9130
36 8984
1501 8681
13 7617
2705 9927
5385 7971
5181 9256
3698 6648
3562 6547
2404 6502
4061 8365
5096 9921
3510 3512
591 1081
6656 9070
851 7717
1017 9018
2305 6822
3260 4849
6954 8176
6712 9609
978 6075
4902 6155
5429 8669
5652 9904
2129 2839
2070 6048
4143 7567
2820 8737
2221 9193
2088 2255
8028 9486
7236 9637
3083 5607
1684 5598
55 3040
4554 8705
1910 9572
17 6132
3658 9126
608 6568
3000 9182
2873 5433
4967 9498
3130 4899
3181 4596
4508 9672
3135 9760
4243 4423
447 5553
913 7164
7537 8156
357 9489
9840 9905
4427 6471
1364 4930
3336 5780
627 2454
681 6077
6970 8688
1187 7599
3733 6364
6556 6943
1571 5992
5777 8350
705 2056
1793 5330
7083 7582
2451 4791
3825 4307
1494 1588
3872 7830
6304 6310
4433 6966
3578 7950
9757 9761
2525 4758
4810 7070
115 1591
4201 5337
2141 5604
1360 8054
7696 8200
3906 4462
5626 9662
4417 8490
4417 8202
6571 8124
793 6682
425 5564
6260 7918
2094 7312
8087 8140
5616 8401
1061 5582
3615 4496
1128 1243
2471 9979
3053 4426
399 5410
3681 7710
1258 2971
4165 6737
1832 9414
3152 4906
7053 9926
440 5392
2804 7255
213 4948
2942 3537
8726 8790
2497 9358
925 8039
1607 3752
873 6325
5389 6260
6183 7610
1678 5707
6908 9817
3969 5939
4499 6112
3879 6012
2414 5732
2327 6969
7354 7734
1605 3193
2310 9337
1681 8641
249 2725
4028 6124
2820 4599
6976 7424
1085 3783
7567 7687
7187 9211
9086 9340
4141 5899
4144 7652
1260 7338
6907 6938
2787 6114
1844 9822
1861 2571
3696 4697
5700 8949
995 6939
705 5133
3893 7938
4304 6398
214 6560
499 6951
1346 7850
6304 7982
1578 3267
1814 2846
8005 9969
2412 3951
4239 9064
3886 5367
3221 4405
489 1438
5601 6514
5751 8175
5693 7970
3476 9631
2243 9359
2702 5976
3000 8975
545 3922
8659 8993
349 4319
1517 9682
3531 7582
5076 7790
4645 8679
3859 9415
3888 5637
1227 7478
1007 6734
6970 7308
587 2018
4130 7732
116 1400
480 4432
8152 8988
4578 7299
1975 6829
7076 8529
1052 5152
968 8227
873 2042
2149 8158
518 2934
1310 8784
58 8493
4968 8731
3099 7261
831 4825
5221 8731
6214 7686
923 3142
6933 7514
7287 9322
1383 3955
913 6628
7936 9528
3184 9949
1454 8525
9054 9378
1482 6140
3400 8468
4823 8391
7512 8227
4240 7680
2192 6902
4113 7503
1336 7812
3191 6587
2255 6679
4260 5469
8004 8388
2719 3922
8332 8940
7408 9820
527 4507
1735 2856
7539 9546
4545 6047
1765 8576
2789 7495
566 7643
1743 7085
110 4321
1607 3442
489 734
3043 3475
8417 9414
2417 2772
8098 9573
6805 7564
6212 7258
2357 5207
1963 2050
4468 8696
973 4345
3305 4026
802 5991
7258 8490
2621 5088
3574 8472
3810 7012
5837 7465
40 5725
2870 3111
7320 8077
4515 5878
7052 9416
3625 9299
3813 8716
5532 8516
2116 8315
4068 4510
1664 9053
1747 8009
4261 6487
1412 9582
459 841
2386 8149
1196 3963
1329 3190
1161 8730
121 5213
4471 9348
3434 4107
1613 8733
1980 4546
8743 9485
5382 7696
5574 7427
1009 9926
4381 9840
6015 7482
1183 8265
717 7342
4668 5800
695 9238
5836 9503
2829 4749
637 2000
29 4658
2001 8319
4160 9321
6983 9836
176 950
5278 9671
2593 4238
2128 2609
1902 6442
3906 4741
5759 8166
1245 1862
4195 5527
7914 9009
6792 9623
3540 8659
6386 9639
3422 3706
1604 7407
3957 5966
3156 7741
1182 8225
5416 5450
609 6250
792 8073
3693 6418
4487 7676
6097 9101
5872 8545
2465 8563
6665 8124
4471 6339
3112 6759
4026 8601
4491 5254
3252 8968
5423 7285
402 5525
590 5849
3244 4345
2469 4307
2779 8539
2691 7348
4369 6857
1242 6077
3861 9384
1389 9677
3401 6706
916 2189
1773 8949
3482 7136
5145 6448
2421 9243
7259 9503
2004 3530
3591 7082
3925 4179
1695 1975
685 7316
2797 8501
4350 7672
4731 9748
1821 2019
5720 6875
2476 4054
5694 8275
8006 8399
4726 5051
1492 8872
3073 8227
3585 6883
7514 8645
680 2129
790 4096
13 8797
5215 8151
752 4773
2903 3340
5712 9757
4022 4181
16 175
7149 9455
4276 9486
547 8146
6294 9279
324 3476
4393 5506
5989 7654
3199 5571
4684 8632
196 4315
2773 4338
6068 7511
5255 5948
4343 6167
3980 9291
2398 9109
814 7288
7500 9711
4125 6021
7427 7891
3639 7936
830 6620
8037 9958
4165 6770
4284 8816
4393 7837
5035 5875
2527 4270
4828 4836
5764 8154
6181 8511
968 7644
1076 5807
616 1397
140 7809
969 5259
3486 9416
4417 7106
3301 3766
7756 9873
5817 7611
5291 7098
1652 5911
7288 9070
1762 9778
7532 8731
9066 9416
3121 7962
4474 5259
5277 8758
3696 9290
2357 6652
1062 1354
2864 4896
716 1505
4055 5223
4054 4596
916 2213
50 7186
1284 3821
2051 9602
2018 2338
1061 1928
4215 4555
1755 3513
2235 2271
903 1244
268 3656
599 6199
2683 7147
1837 2717
4352 7410
493 2707
1462 8725
3931 4900
1837 8189
1734 4881
2026 6941
847 2161
7220 8995
2809 8043
6822 6848
802 7151
453 1904
1012 7532
823 7819
3466 4855
199 1472
66 2319
1462 7252
1397 1584
2037 6533
4119 6295
1224 4219
2095 7106
4083 7185
1420 2718
736 9113
2161 9784
3287 6217
2797 3693
5947 6442
7534 9057
194 1691
1950 2225
6741 9972
4929 5275
1503 5251
1918 9247
3891 5535
703 4178
4197 7465
5849 9430
3729 4603
4220 5897
7072 9767
2786 5594
1019 1337
4947 6679
1235 2624
854 4614
3181 4714
5221 5618
6058 8049
1025 3014
298 2591
7240 7539
8424 9302
5746 6653
2754 9465
8728 9901
3476 3870
8081 8399
963 4327
3836 4052
7042 8779
1150 3393
4828 9196
3284 8262
3019 4983
1705 9692
7303 8272
1275 8272
1526 6665
924 8702
1294 5229
6970 8571
185 6921
1678 6093
7432 8368
4308 4544
4034 4592
3001 7819
2099 9731
505 3299
6542 9414
3762 4326
1802 5965
6673 9994
1744 4274
276 9178
4242 6428
8006 8496
51 8049
1674 2572
591 3937
3587 5557
8525 8641
6221 8679
1379 8736
2011 7971
3166 4344
6549 9676
1062 2079
4258 6118
4925 9431
6888 7280
2457 4715
6973 8152
2667 6679
2603 4325
2414 2619
561 3335
2442 4007
2870 3120
3422 8507
5788 9792
1405 3138
3619 8186
210 3658
544 4814
6154 8098
5052 7174
1125 6441
1303 1798
3764 7968
3693 6638
2630 5876
4318 9310
8308 9576
3973 5369
2672 5415
5939 8943
3276 3427
7564 8009
1778 6652
5022 9630
5324 5799
6197 7761
6158 6185
4898 7891
1190 1218
3104 8505
3096 5356
1872 2162
2398 7084
4037 4546
572 7608
1757 1985
903 9414
359 5916
2262 5590
116 8106
1466 6537
494 6904
5075 5298
1663 7740
7839 8522
8949 9830
3483 4435
855 4985
6432 8836
5912 6113
2878 3665
2925 6902
1479 8200
6915 7404
5469 6982
3517 9275
722 1258
197 7276
6014 7695
3858 6392
754 9869
2945 6677
1843 4073
4257 4533
3139 7441
1117 3087
4058 6156
4688 5026
2472 4067
4273 8949
4081 5027
747 9736
3050 6549
8641 8900
5556 6999
5212 6832
1565 6179
4567 8332
5780 7567
329 9210
3236 4980
3751 8478
6456 8727
4571 8324
5298 8114
4444 7228
347 7309
9516 9656
1033 9598
2261 8627
1399 4136
2707 7550
4553 4690
956 9557
3601 4206
3345 6309
444 8963
5449 9531
4780 7701
1417 6508
5810 8931
7136 8672
4831 6665
5235 6003
5140 7974
1573 6778
4061 6981
7279 8823
5235 6227
7147 7303
9560 9900
170 3616
8164 8280
4398 6192
1824 3639
1373 2543
944 7473
4827 5128
5937 9898
1564 4101
4258 6774
1591 6018
3427 6802
563 5771
8000 8133
6093 8863
8 9820
5637 9391
2013 9856
1472 2948
440 6258
3420 3664
3195 9344
3080 9376
1993 8548
8424 9947
4746 5469
2760 7170
3811 8310
401 746
3037 9530
3038 5732
1239 5086
2263 6992
485 4923
1371 5681
8043 8626
1877 7380
8416 9476
2969 4112
2766 7480
449 5140
689 3076
5909 7404
5909 9376
1569 8677
4652 9425
5851 8023
226 9210
6050 8485
2308 4400
2338 3791
5910 5980
1112 9411
3615 6260
1985 2405
3249 3973
7335 7685
4747 9750
7438 8522
7317 9403
1075 1533
5574 9593
4753 5822
440 4815
4120 4772
2964 7698
1125 1729
5160 8653
135 2334
3029 4794
3810 5595
1510 6207
893 7212
5362 9349
8096 9631
1972 6120
4049 6539
3610 3776
2813 4624
2880 5544
192 9718
8512 9655
7532 7783
2635 5964
668 5301
2893 9811
1722 7873
8547 9302
2873 9191
4034 8200
771 8267
3591 9063
2022 5562
7381 8154
21 1960
2693 6020
6832 9328
5575 6228
3736 8923
4957 8730
2008 5357
3233 3487
345 6371
1232 7082
674 1045
2456 6185
375 5801
6768 7273
7665 9047
4671 9264
6565 7009
852 4767
2342 4730
1474 5814
4931 9878
1326 9115
2932 7048
4739 9964
3723 6181
3905 8927
1180 7492
1584 9885
4055 4351
7439 8937
2420 3118
6733 9303
2149 9506
973 6212
1292 2471
2769 8104
4037 6161
194 7189
1033 9868
65 9814
782 6088
402 4590
41 4930
1926 3509
5543 6708
1725 9747
2406 8192
1684 6295
84 5297
4890 9012
3454 6678
939 4374
313 4472
1193 1239
2524 8020
116 6542
3542 8312
3008 8750
2754 7861
2818 5819
2313 7068
1273 4097
6439 9920
1719 8543
2217 6629
5542 8084
3692 8103
2053 4761
2556 3539
1953 7070
199 1667
2298 7080
8339 8895
1136 8860
275 822
4014 9677
2598 6821
3404 3543
7583 8901
3134 9139
4950 9863
7025 7822
4722 4748
488 8275
1640 3573
1955 3228
5983 8144
3413 7830
3007 8116
7875 8543
3829 6540
2270 6993
4120 7052
5635 9606
513 526
3728 6799
777 2509
3410 6586
2955 3721
1852 6499
3290 5695
2796 3582
2833 8039
6614 8247
5321 8004
3321 8539
7259 7764
4233 6021
5791 6231
2446 3112
7505 8919
260 5354
8680 9000
2431 9553
4309 6120
2572 4323
393 9518
2490 4468
178 818
2632 5530
5976 9677
3450 4584
2060 2291
1811 3256
1802 7018
1537 9114
139 7448
3678 4365
3911 7403
5529 7246
2317 7437
4614 8820
263 2967
429 6587
4248 9563
3796 8400
6090 9068
4383 9929
342 8986
6445 8028
2989 9120
6959 9865
2640 6674
2955 9325
4367 8676
6663 7773
1878 4050
6739 8754
1930 4961
4261 8391
1735 1811
5416 6225
1483 9933
6873 7488
1238 2075
8717 9773
2809 7372
7286 8748
2173 3976
9732 9916
169 3925
297 3445
5549 8037
126 2438
4195 8283
190 1585
2471 7448
2717 7834
5947 9041
4914 7923
4203 9893
5915 7665
8137 8898
868 4590
2114 5808
6428 8173
2524 7356
3142 8386
7615 8665
527 4998
5221 6605
4368 6950
757 7108
1131 7658
1567 7264
5392 9942
4146 8860
5616 5784
2415 9820
6602 9587
995 2679
3173 7956
6104 7934
8462 9694
2725 6364
5469 8216
9701 9972
1055 4758
3818 6449
2972 8285
3014 8235
5109 9748
3872 7605
5688 8817
478 1136
1374 4276
992 4129
1832 4397
6691 9921
1629 6681
803 8028
2682 9979
1091 1600
5256 9943
11 207
7408 9941
515 6735
813 2255
2904 5568
2347 6244
3314 9399
771 8227
386 644
4381 6948
7528 8940
4688 6182
5079 8583
4556 8914
2065 5517
4658 9264
4258 6820
6184 8172
4109 9082
2224 8300
1743 3746
795 4135
2613 9360
6723 7040
5042 9359
1439 4643
5450 6750
4061 6256
5571 7500
1487 4699
2506 2709
589 3758
9150 9858
617 7697
2103 7703
5096 5300
5772 9021
3105 8965
604 4769
5298 8405
1411 8476
8168 8802
5149 6658
2718 6049
7255 7280
391 7147
1972 8279
1355 5360
6886 9017
2167 3823
1485 5554
6903 9654
2002 3126
532 6191
9540 9736
4634 5651
2748 6507
3121 6814
6726 7910
2494 9359
3837 8906
395 8449
6015 6968
4201 5610
3131 9006
3867 6099
8689 9693
146 1783
847 3525
303 8198
1422 8712
179 1800
5327 7258
4374 4837
1211 2672
493 1509
4110 7803
8519 9626
4123 9415
5348 9172
3933 9115
94 4446
2003 6197
8321 9588
4712 9763
192 7537
3378 3717
3219 9483
1169 7636
873 5505
2577 7756
3139 5805
4008 7910
2428 8220
30 3432
4050 9277
3445 5345
4100 8548
1494 3035
192 1946
3594 7029
1079 6362
9956 9991
1117 9679
3373 6342
8645 9139
6428 7588
2061 8872
3042 9858
875 5462
7416 9259
3136 7360
303 4130
2946 6518
6658 9271
3336 6103
5207 6749
423 1131
4402 6644
393 3537
1338 3337
2837 5070
3970 4023
370 9717
1166 8242
8785 8787
29 261
2184 2653
1112 6642
7705 7936
2609 6214
865 2139
6561 8616
5550 6937
1821 4474
478 2624
8430 9833
1793 5834
6302 9142
5736 6192
1306 8522
7092 9748
5118 7783
30 5518
225 491
2376 9381
8773 9922
7492 9978
7046 8227
2001 4866
2162 9964
913 4075
1690 4683
4814 9316
3756 9779
1146 2884
213 5469
2463 3212
151 9795
1269 1925
6196 7258
7334 8747
1291 6261
6680 9068
2313 2465
1231 5457
230 7430
3119 4950
2964 4073
5813 9593
1381 4762
3469 6477
1675 9600
4197 8565
3795 5036
1840 4532
8748 9498
2972 9205
3355 7322
3546 5197
3780 7280
4198 8006
603 1536
6410 6815
1653 7147
3488 8379
2225 7644
4699 5271
3010 6918
2223 9841
2241 5554
4874 5370
2321 5323
716 6369
5161 7318
572 7025
5307 7761
301 3120
1506 4962
1249 2546
3784 9429
3642 9109
79 4909
2227 4962
2817 9545
708 8019
1557 5756
4600 8283
2886 9001
1177 9217
3000 4137
7150 7287
1410 5970
1949 7856
9651 9821
5512 9977
1802 3406
4656 5795
83 4747
2832 3717
1290 1365
6919 7168
1500 8740
2 693
2943 3115
329 7930
6398 9593
6153 7262
1699 8867
1658 4775
274 6075
3409 7349
700 1974
1255 3253
261 1580
6393 9472
5764 9999
4397 9369
481 3128
4309 5565
2612 7595
6644 7032
6194 9412
4747 8609
5324 9041
945 973
3932 8709
4054 7431
268 7066
7670 9449
5302 7060
5148 8356
2451 3121
6185 9070
704 8743
3654 7738
6344 7581
4444 5405
1570 7230
1800 4715
4104 9265
790 6075
845 3699
805 6118
6837 9680
7997 8764
4702 7158
1747 6809
5853 8997
9448 9783
995 3000
1269 5078
5676 6835
1497 2223
6898 8880
4055 7481
547 1982
300 8554
4458 5413
1193 9329
104 7746
3994 4867
1476 5786
2672 3817
940 7974
1081 6764
5481 7300
4689 8889
3708 8477
2087 8908
2586 5036
6014 7170
1517 2545
4304 5333
609 7211
5326 9572
5730 7712
3394 9523
679 9377
886 8077
5623 6035
7448 7554
2539 6256
1228 1297
2160 9083
1495 4223
8324 8810
6861 8318
1198 8760
2567 5670
1275 5817
2260 3632
1953 3882
2101 6392
941 4655
2731 6824
3448 9462
1060 5659
6715 8999
169 1595
2209 8710
3119 4336
1152 3797
2428 2602
2188 8824
4216 6348
2182 6912
6395 7088
549 3280
1971 5407
4087 4332
4992 9325
4314 7305
1953 5075
5368 6549
9094 9561
983 5267
4459 9750
75 791
4074 6154
1840 1861
1983 2465
616 7917
2383 9034
5928 8985
4295 7432
6068 8439
3266 7988
4698 5512
5351 9216
3107 7507
3037 8127
2182 6453
4218 9941
2690 5300
2465 7300
575 6704
6672 6973
61 3090
5725 8374
4866 7692
109 577
2382 7809
7038 9972
3487 3807
1584 6747
1790 3672
694 4590
4143 8420
72 9543
1071 6678
494 7226
3064 8747
300 1689
827 9757
2424 7498
2989 5574
443 9197
1122 1897
1275 9933
2527 8892
1449 4590
8531 9875
6234 9325
5396 8336
3760 6130
2621 4948
2812 6106
893 1878
8115 8741
3942 4582
1998 4890
221 2565
4239 7073
4929 5525
1075 7083
3204 6996
2494 6620
5215 7817
1217 2681
5535 7001
1305 2975
7106 7512
2933 6301
3871 7501
3739 4678
138 4094
4984 5505
3739 4944
6165 7280
2796 8411
4795 6172
197 2280
792 4259
4983 8689
3712 4673
2278 8585
1653 7383
42 4314
426 5551
2026 9177
2276 6866
5791 8388
5528 6659
1486 8836
2132 4640
274 2751
4182 9274
490 4395
1909 7608
1010 7783
5151 8310
6375 8384
4698 6931
7407 7482
5287 9440
465 5396
4618 6695
7166 9391
2789 4731
7857 8196
104 7809
2945 9863
2732 9518
4465 6752
5457 8163
1203 9765
2144 2436
4041 7032
2660 5916
207 6404
208 8577
1177 4603
5834 9506
192 6939
2766 7493
3913 7198
716 2831
804 8767
3128 4972
16 2877
2479 4364
5920 6976
2061 3938
1426 4186
4334 6439
5238 6729
5658 6562
1407 8228
1475 3379
8840 8920
1347 1398
2084 8139
3541 6232
3716 4448
3844 9621
4312 7361
176 9428
698 3745
6105 7746
4584 5220
322 2789
2152 3057
303 1010
440 7717
4221 6448
3806 6377
1947 6883
6214 9484
3122 9958
2255 9947
3486 3714
4166 6906
8183 9843
2334 7964
8017 8962
2630 3484
249 3638
802 1828
3474 3616
614 808
5177 6868
6381 6477
1631 2821
194 2620
4383 9378
5893 6048
8336 9334
6641 9388
167 5166
2126 5395
3104 9502
1001 5464
1822 6279
4895 7609
1075 3984
2800 3738
1934 6766
3418 5574
3427 6665
8054 9415
5053 7288
8100 9534
2599 6739
2353 8202
373 8195
1088 9598
2400 6404
5334 6109
3166 9760
5784 7281
1569 5471
2808 3615
2039 6350
2707 8102
1110 7512
4412 5552
6113 8706
8245 8570
2504 4841
1469 6980
604 4046
2809 4436
4960 7407
2627 8187
7411 9012
2777 5325
1806 8487
2291 7261
3944 5183
2196 4273
2955 9693
6641 8603
6185 6790
2013 6120
1125 6542
1759 6816
617 4614
5166 5238
948 5223
3807 7933
1345 2572
203 2415
685 912
5003 9249
4220 8981
3407 6258
486 9140
2323 5837
5511 8265
4427 5976
1550 2867
72 1185
4034 9817
3723 6791
8054 8208
2227 3101
3228 9127
139 2454
9083 9318
1372 8284
1176 9342
2676 4686
774 8265
254 7835
1864 5329
2075 7286
6749 8275
4779 6051
5908 9358
3099 6228
5065 9226
2924 8344
4227 9328
152 2970
8147 9216
1360 9561
5217 7158
4794 9362
1888 5210
1537 8517
948 3969
297 5396
3271 9380
3595 5677
5223 8748
1018 1156
2189 7132
5259 9979
1850 4367
604 7513
139 2718
5012 9561
1170 9981
3472 9266
4034 8860
2839 8997
9552 9860
9197 9677
8042 9094
3125 7737
164 7526
2421 5632
4714 6739
2878 8535
1974 7285
1768 4418
4309 6531
5004 7656
2053 2074
2240 4364
7595 8349
1533 4503
7441 9812
870 7052
234 3210
6175 7450
790 6199
7038 9014
1072 4233
1140 6354
3212 3659
8231 9336
336 3921
4274 5451
241 3470
1258 3916
751 8470
5667 7611
6515 6726
5921 9486
2298 5197
2293 5583
533 5298
60 351
1319 8837
5410 7567
393 2667
1278 4783
1464 7285
1615 5638
3858 5060
9460 9725
7173 8278
8034 8043
3162 7673
7661 7938
6737 9000
6542 8452
5382 7653
1260 4953
4748 5268
1323 9375
1212 1649
436 5480
877 9141
8114 9007
2454 2612
120 2608
2280 9291
5129 5915
8947 9963
6304 9833
4163 5616
6876 9918
3010 9681
1305 7055
668 1115
1649 6334
3040 4162
3388 4309
6682 9727
1680 3229
925 1332
790 6477
4351 4791
3198 7010
1339 4569
2507 8128
5594 6919
3169 9811
1607 2719
1957 6861
4970 8448
568 2432
3166 3229
4718 7432
2600 6125
50 9944
2854 3997
594 2837
3233 5874
87 8137
4277 4474
51 749
309 7731
2593 8369
1615 4483
3248 3865
5455 8275
7397 7446
6163 6821
399 6527
3401 8785
1725 3364
535 5129
2739 6971
2961 3119
1581 2884
3625 5268
7066 9813
6471 8108
235 5879
609 878
5885 8723
2019 4176
8943 9810
2514 9645
2008 2748
2355 6432
1429 2160
2572 8428
3414 7263
639 1425
2021 7709
3520 5229
1177 3780
4753 9962
192 3512
6711 7519
209 2872
3550 9038
2831 9959
3120 3521
2743 9864
749 4678
2428 4839
3497 4311
762 7813
5878 6677
4967 5170
356 8452
5588 7292
799 3410
2428 7209
397 8781
7634 8116
3367 6490
210 4708
2712 4143
1117 6012
8672 9031
1173 9601
1146 8215
1042 6678
2223 3703
2230 3569
3366 5300
3859 7203
1699 2319
2602 4012
7203 8998
3434 8295
8743 9343
7242 9597
3078 5866
2624 3703
1392 3137
151 8757
1666 4951
1604 3401
831 2474
4308 7917
1145 3092
4412 5091
174 8622
2569 7203
4746 6130
8931 9457
5226 7406
2524 4578
3295 5234
347 6901
6094 9715
6052 9233
3101 9817
4371 8694
4023 9679
3520 3561
1546 2628
985 7453
627 5084
456 7066
2031 4406
4403 9757
62 6167
7802 9259
412 4948
950 6387
4397 6753
7332 9087
3579 9378
2609 9663
3361 5604
2861 6240
907 3891
4950 6169
789 8144
3618 3836
7911 9738
2149 5690
1731 1821
985 1016
2637 9787
3609 8773
5030 8602
2106 8386
2537 2569
3779 5064
2902 8975
3373 6521
1072 3999
7023 7847
2542 4832
5877 8997
1224 2920
4004 8841
4229 9430
1210 5431
575 8672
3790 9856
5077 9142
3599 6144
2760 7648
3309 8294
1505 8717
7309 7792
4236 6670
6156 6947
4901 6715
506 9176
3925 7349
1370 4508
3082 6680
3882 4998
5056 9593
2528 8208
2522 8754
5680 6873
4170 6539
2743 8785
1163 5307
249 9971
4011 7891
1895 4897
3152 8077
1577 6150
2563 3828
5259 9921
9181 9408
6086 8101
1358 8102
2380 7130
5012 7006
8001 9640
1075 3796
60 4925
808 9969
2722 8225
3274 4571
4077 5763
2432 6859
1459 4733
4950 6749
6641 8677
681 5122
2360 9578
1025 3410
1100 9128
4533 5312
646 1081
6452 7217
109 136
3051 5180
544 6043
3102 8123
1400 3984
1905 4572
1904 5959
3720 9572
2842 6206
3575 8829
5235 7466
6822 9757
6221 9139
1180 7154
604 7318
3914 4815
5636 8609
8042 9220
846 6589
4890 6854
2038 8066
2778 7313
13 1979
906 2527
2030 8731
7604 8421
1882 6952
3091 3455
5294 9894
7835 8155
1152 5904
4620 5609
5064 6392
3080 3753
1991 6213
1599 9773
313 886
4939 7268
8009 9568
1798 5759
305 4458
577 1897
161 4375
255 6715
871 6213
2040 7312
7000 8418
2198 7157
7360 8178
5457 5779
3336 5145
2995 9767
6869 9497
5098 6982
199 7065
8590 9476
5761 8516
3068 3746
621 7361
2754 6634
985 1742
197 3101
9214 9964
2891 6546
4882 8281
1131 2906
2569 5235
5630 8350
7514 7643
5038 8930
503 5315
2136 8367
5655 6706
6334 6503
4393 8254
3546 6172
2492 4692
925 9092
301 3320
5067 6287
4801 9087
708 9969
1073 6102
1337 9579
1604 5915
4387 8213
7403 8572
371 1138
7023 9337
5535 8893
5946 6284
202 1146
2398 9295
2620 9365
4284 5087
7000 7457
4250 7184
4977 5199
4595 4731
6181 8003
1063 4386
238 6653
5810 8427
2749 7190
3177 6577
3482 5482
631 9651
1081 7925
3975 7577
2188 8726
6325 8630
21 844
2404 7102
742 6241
878 1750
981 8837
8557 9962
2964 3029
3328 3491
1062 1342
1977 9055
708 808
3118 3993
4747 5457
5017 8199
129 4425
9229 9654
2325 5275
3846 4251
2417 2624
440 8350
1983 2664
1826 7157
387 3213
6935 9716
1000 2789
2323 8496
6682 8700
6221 6246
1375 5708
4084 7736
610 3881
1521 6635
6470 9750
7147 7523
6734 8820
1663 6097
4060 7045
3879 9059
8932 9972
1873 4982
5366 6851
2867 9092
4890 5479
880 5173
2424 4344
1488 5997
208 6521
3264 3409
6715 7817
2507 4908
1795 7170
80 5257
3114 7212
1732 1813
58 7732
2704 3197
5198 5559
1014 2903
1755 9449
5395 5714
2717 4534
4793 6117
4047 6861
563 8369
6264 6784
2224 5615
4391 4507
178 6900
7588 9682
2634 6855
1820 4659
2476 6699
5889 7709
5060 5423
4023 4572
51 8205
3923 7992
6466 8506
3921 6211
2854 5312
1695 3335
3493 8108
2641 8822
3577 4887
3928 7402
1648 7952
4354 4686
1441 5564
2222 7837
2667 7666
4236 4638
1117 6517
464 6079
6582 8552
2003 7797
3595 6299
7358 7494
893 6288
862 9639
6956 9054
2842 3781
1092 4061
1835 5882
2280 4061
7908 9793
3401 7665
2603 7121
5232 8986
2645 3107
347 4597
3866 7962
190 9929
7007 7376
3547 7537
593 1435
6430 7705
1146 3244
904 6299
5516 9728
6822 7303
9351 9564
2676 8100
5298 7052
4618 9217
2174 4375
1924 5357
1001 9374
7292 8574
349 7025
6428 7009
5314 6706
4933 8761
7935 8606
4507 8278
7241 8829
2313 2521
246 6130
4688 6165
4282 6887
4060 9141
3166 7850
1279 2484
359 1994
3061 3931
3750 4354
1773 7276
4561 5533
1018 2210
4026 4902
263 7787
15 7487
1743 3632
4099 6792
1479 3953
5912 7740
4767 8755
5199 9262
9 6396
3976 9763
2357 6364
3569 9884
2113 3148
6724 9930
1236 9354
2723 2989
2423 3278
6122 6398
6500 7258
2880 7590
2019 2488
2465 7846
963 2672
1272 3728
568 2036
5511 9071
2158 6299
2115 7991
7382 8076
4194 7281
2302 8970
1587 7197
4790 8873
1770 8043
749 3933
4769 5817
2569 4067
2497 2749
1561 9250
5977 8970
3222 7846
716 3248
558 5572
3416 5407
4309 7714
1687 3337
3098 6528
1417 8484
5274 8100
4767 8140
520 9538
954 4785
3766 3783
2099 9889
3166 4432
179 1903
4729 6863
4650 4796
1640 8784
5329 7775
9123 9421
5433 6948
790 7725
4055 6921
2554 5566
3204 6733
3268 5227
8706 9087
1136 9701
7460 7762
6487 9291
2999 3680
2190 8221
8386 8424
3470 4403
7262 8450
6036 6541
5753 8469
5428 9964
3124 8776
922 6447
2259 8129
4349 7040
3463 8710
364 6400
8125 8275
478 8200
3787 5637
2833 7673
8292 9929
909 8017
1793 4642
3896 8731
3375 7969
130 5347
3728 6379
3136 4992
232 9765
5837 8043
5095 5220
6354 7579
4282 6396
2106 4902
2821 9211
2289 5579
2273 8240
2191 5357
2624 9025
2579 7357
1365 7484
4594 6326
5215 7030
5640 8175
633 6788
6352 6606
4146 7421
1285 6064
2719 2840
2213 3358
6255 8373
4387 6933
8612 9442
4854 8987
7102 8940
2132 3353
4459 9895
5875 7263
3281 6616
4857 5572
4610 9534
4311 9214
2210 5962
3616 5505
3401 6075
1197 9391
161 3053
74 3549
199 3224
1125 5833
2889 6225
6416 8591
3128 9257
4999 5691
605 5105
594 2628
4176 7973
4765 4805
8619 8893
2570 4170
825 9814
703 9249
131 884
3516 4383
1946 3721
4940 6556
4614 8581
110 883
1278 3903
717 2402
544 8808
3820 7272
608 8593
4977 7528
1064 2000
7109 9094
3177 6083
7963 8565
1688 9788
3717 9066
1389 9257
3734 3752
2099 2917
1489 6540
1687 5053
1619 2563
2820 8398
4696 8820
2938 4967
2031 8186
2360 3545
3733 6652
425 1753
1187 9921
2288 8769
2878 8183
4820 6900
884 7011
5765 7678
3365 8628
7007 9074
162 5678
5386 8743
1506 2916
1667 6896
5601 7844
2454 9979
1743 4413
6802 9166
3257 8623
5312 8450
4474 5192
9025 9080
2189 5765
279 4088
4794 5295
3660 5772
5624 9474
659 8601
6330 9080
1443 4824
1778 8427
7761 7982
7018 8342
3734 3881
827 8315
4585 6988
818 3825
269 3389
3420 9826
968 3892
3391 6503
4699 5163
3554 7728
694 720
802 9958
7658 8156
1007 3247
2048 4246
7307 8100
6033 6793
3589 3800
4808 9682
7066 7348
6681 7999
3676 3698
5008 5301
392 6161
2494 9325
3317 7979
1539 2952
4366 6634
1082 6000
17 4130
5234 6618
5783 9138
5478 8570
7258 8428
7773 9362
327 2203
4206 5129
5991 6327
3398 4924
1174 1814
1711 9045
1613 3019
2569 7528
6140 6838
7916 8468
4330 8917
5129 6877
5736 6021
1344 9025
3133 9504
136 3801
7084 7877
2494 7598
4351 6308
3449 7821
6329 8672
210 8084
8175 8270
6669 9041
1750 8070
2158 4962
3504 5568
3330 5660
321 9039
1738 5103
3505 6304
368 548
1792 2340
723 7425
4357 6355
1727 8049
1517 2856
1965 7358
2405 3132
2362 7989
5132 7850
995 7964
6428 8644
2093 6445
2388 8263
1073 9421
703 6114
8100 8827
1756 6933
4403 7512
6287 7505
5036 8689
7212 7622
1190 8244
5885 9079
3801 5507
2019 5870
912 2456
3717 4846
3095 3434
1541 6607
559 833
4221 7298
1953 6182
20 8509
7947 8308
1688 2187
1982 3393
3583 8775
5992 6092
1277 2451
4309 9075
8847 9691
8116 9826
1281 6714
2746 8022
3445 4614
1314 7773
2892 3086
1286 9905
5208 6293
3578 5368
2219 8593
948 6688
956 9138
3583 4026
1613 2775
731 5065
2414 9754
4095 9455
2741 2880
5360 7463
3942 6253
523 8041
3960 5767
1044 6993
4839 5493
3345 3467
356 2964
4196 7156
344 8095
6178 8849
1633 3214
4412 6386
1585 5571
2543 5571
899 2593
6750 8428
201 5574
7052 8168
1586 2020
2909 9448
6730 9004
3366 4877
8150 8679
8102 8748
6872 9820
1950 5920
4095 4801
6831 8616
6153 7163
733 3264
6678 8768
94 2640
6446 9853
376 5379
1754 4860
8450 9579
7491 7839
3723 5331
3035 9143
2200 2543
3136 6564
1520 6447
1583 3825
890 2066
680 3137
1505 9760
6650 9139
4599 9823
5375 7084
5508 7323
3519 6144
7226 8864
6003 8509
2728 4528
5094 8150
903 2573
2477 2518
7949 8418
122 377
1163 3961
2675 5030
743 4074
6956 9655
2487 3980
575 5482
5012 7085
4015 4575
3519 6773
4810 5299
2619 7973
1366 5995
4122 9003
3083 6033
1355 1534
2866 6791
2890 3099
254 9246
394 1458
3007 4931
79 3484
1457 9920
830 5758
2867 6568
4688 7422
4055 9579
581 6001
6144 6275
3127 4282
6463 7747
3092 6221
258 7894
810 7644
1572 5791
861 6133
1505 1691
3441 9474
712 5604
4783 8175
5099 5177
1699 9338
210 3018
3040 9150
8758 9785
4495 6148
4818 9174
1808 3330
3342 9070
5069 6176
9316 9396
253 6310
5423 6646
724 6082
3275 6370
885 9448
2870 9788
4067 7762
108 5992
5353 5765
935 4206
6822 8473
4849 5836
2405 5517
6214 9853
3755 4775
4206 7732
4529 9190
1947 6486
3470 9761
498 6006
1612 3989
7349 8365
3827 4304
3464 7213
5355 7305
3917 6912
2755 6208
2370 3395
2128 5580
1189 2195
3991 7821
2032 3718
1300 5114
2494 2797
2108 8995
2063 6629
1075 1162
9509 9692
805 5718
6832 9729
1650 9460
5307 8815
5733 8444
2654 4872
2754 9427
7847 9767
2245 9944
3129 7213
1517 9119
5152 8700
5701 7779
2985 5517
2190 3834
4136 5527
2484 6511
1820 2203
515 6228
173 451
2042 6377
2099 6765
1376 2739
4796 6855
2357 3222
5097 8726
692 8493
2093 7131
6822 7459
161 6990
3935 9131
3463 8586
6117 9587
1997 3035
5408 7153
5394 5828
3314 7214
649 1652
2766 6016
6711 8041
275 8066
943 4364
8893 8927
5127 6358
385 6463
3807 8920
1991 7968
2767 5481
290 9250
1104 8022
6708 8015
943 5454
6542 7673
5405 7197
6859 8902
1050 8067
3407 6540
1113 7833
496 4306
1924 6636
62 8226
1613 2427
2761 2889
87 233
5286 9725
3307 9231
5527 9862
577 3090
1081 5044
5924 9020
493 6957
4762 9411
2269 2786
3466 7300
5036 6154
3922 6226
4719 9251
104 7624
9194 9197
3656 8921
1631 7004
6244 9530
8114 9976
3583 7938
4565 6679
1975 5821
3391 8367
7259 9703
745 4297
808 3681
6477 6828
2509 7041
3364 7242
3795 5336
2738 5805
2962 4450
3795 9808
3070 5345
5754 6691
7038 9457
7409 8166
7820 8453
2719 5639
4536 6227
5243 6232
6939 7751
3686 8173
7973 9744
6047 6398
451 2577
5294 8966
41 3780
6075 6691
1229 2829
651 4120
1077 3429
9173 9319
764 1579
1664 6969
297 1611
3587 8920
301 8966
1505 2683
4958 7807
1244 9952
2230 9335
440 2909
3671 6641
2545 9054
2595 7511
3610 8725
3229 3914
843 4130
2323 7247
6264 6355
724 6541
5568 7542
1035 8320
4087 6813
2718 8462
929 1493
1452 9311
719 3067
1441 5736
1645 8322
225 9857
1442 8483
1184 1463
8049 8796
5497 6498
2075 7554
5574 9767
1400 4642
209 790
1257 7229
1698 3390
3874 3913
221 8661
590 1052
7884 8604
1555 1742
2427 8851
8327 9080
1715 8743
2160 5589
9728 9731
4924 6966
4159 6209
4792 8953
601 7704
5496 9788
4460 8391
6212 6876
1389 2252
3019 4967
7163 7541
2824 8365
1802 5245
3317 5487
6337 7649
275 9827
2999 7605
8240 9121
890 3422
3014 6410
2916 3113
6462 7035
983 4115
8476 9761
479 4973
2870 5877
7595 9728
5096 6932
2797 3264
3004 8730
2048 7288
689 9908
3074 5558
134 8098
152 6829
395 993
685 4782
4004 4165
173 743
1856 7595
885 3811
995 8711
2628 9957
393 5969
4609 7181
809 5990
122 6363
1808 3368
1997 3884
6310 9265
50 6441
2895 8183
3925 5452
7375 8348
444 2328
1353 7610
2094 9297
412 4475
7036 7661
730 1215
5307 9972
4639 7975
8768 9851
6715 7466
3257 4170
458 5839
3592 9049
973 8004
1681 9010
663 2965
2633 6715
4391 5910
6187 8407
5152 5462
491 4528
2831 6098
2898 5171
423 8763
4386 9487
4194 8923
1601 1906
67 6016
2040 8906
1885 7771
1962 7715
397 7264
2009 7584
2704 5518
50 8775
4459 6130
773 5459
7455 9396
1163 2751
6852 7147
5492 8851
5267 6133
774 8418
3456 7205
2120 6682
4468 6370
723 7645
1237 5640
8583 9731
2012 2981
1449 3336
8100 9041
2839 6671
1992 6060
4161 9605
274 9385
3253 4864
2065 8020
3635 7707
5852 7310
4046 6494
6646 9776
393 6021
176 4673
347 6665
6014 6401
4232 5753
7573 7653
7220 9478
2887 6915
544 8263
4104 5196
2414 5422
7360 7613
201 7697
2065 9578
4992 5963
4950 9364
7308 7638
2542 5268
3589 5597
6653 9005
142 7891
4980 8900
7528 8310
5368 7524
3473 3482
4244 8508
1585 2490
1333 4995
5596 8792
3608 4483
607 8928
5244 6679
1753 4101
5336 7416
4248 7913
1376 5073
2918 9625
2837 7513
8077 8949
3763 6837
5925 8315
969 8202
6726 9438
2577 5371
845 9762
2775 4293
5976 7348
3749 4092
393 5152
6117 7004
1131 7704
6486 8691
6863 9085
6377 7404
5267 8279
6177 8607
3234 9770
5267 8524
5552 5663
3199 9448
4909 6355
5392 8251
1883 7092
111 2717
1401 1537
2772 9830
2433 7389
1813 5521
7072 8258
8128 9107
6404 9313
940 1183
151 1402
3187 3539
4067 4608
1980 2383
2407 8374
3409 5050
1709 4590
789 8077
3271 9364
2009 6561
963 7010
1117 5129
9092 9944
32 2451
5221 9340
295 8672
1724 4533
4727 9855
2116 9132
5884 6608
6175 9672
5314 7173
112 2240
110 5969
494 650
2418 9353
6170 6256
3301 6342
4271 6797
345 4120
1993 4100
1088 6110
1289 2952
2510 4367
1539 2024
1680 9388
2861 3803
3810 4673
599 3248
4486 8596
3025 4067
1188 5501
2820 8931
1183 3274
4026 8485
237 2211
2842 7410
1154 8675
3156 4412
3599 3829
71 9828
2898 8632
174 5210
1719 7085
6103 8525
3657 9378
4523 7626
537 1513
826 7662
3176 7745
8102 9329
1397 6480
1730 8539
1010 7482
6012 7665
2983 8998
1544 7644
4242 9645
3365 6359
5476 6073
81 4206
7183 9086
5257 7244
4088 7236
3604 4836
5580 9750
3467 9249
3673 3914
4152 7949
6027 7155
1326 6829
252 3078
353 4948
2837 6682
1988 9795
5997 8271
6332 6806
3611 5639
7066 8986
6453 7947
7141 7676
7069 8416
1830 7439
1908 4640
2417 7761
1659 1949
4966 5214
6649 7089
3514 8858
625 7511
478 3193
8283 9507
7609 8380
383 8149
2321 7971
3276 6948
4592 8548
1183 8574
5611 5975
4544 8968
338 3290
1452 2964
5820 8035
6102 8019
3895 7470
2383 7053
2498 5091
3298 8055
568 6459
1769 9024
6103 9452
1060 8066
4796 9290
5233 7052
1340 1582
7532 8342
4468 4837
7074 9825
8066 8703
2216 9900
527 5297
6213 7401
8795 9692
2056 3395
2545 3302
3658 7616
1134 8830
5627 6542
1443 6684
1452 1567
3061 4983
7772 9293
4259 4584
1820 2503
1740 5579
2040 3061
2334 5885
2987 6277
1633 2222
2115 9744
9284 9732
3074 8098
134 8424
368 8225
7871 8709
1561 9868
68 5364
2326 4900
1677 9725
5899 6541
5664 7076
7153 9625
2399 5512
9521 9597
1950 7567
5408 6993
8516 9696
2905 7846
301 9321
1132 6477
8204 8554
840 3584
4952 9054
4259 5641
4977 9416
2963 5074
1116 7285
6756 9131
3014 7051
275 6279
17 5939
4544 7843
6910 9405
3416 5245
7541 8342
1927 6729
426 8117
1738 3450
4701 9841
4518 6446
4259 8736
228 3918
1694 9182
1510 2647
4992 6620
1736 3166
1343 9830
967 8104
3205 5032
969 9921
690 5288
5371 6982
699 9055
2874 9200
956 4112
2168 5657
3000 8829
2074 5099
5983 9086
2573 3196
1138 8300
2490 8300
1669 7006
5351 9250
909 8472
23 3172
8464 8989
5512 9601
1568 1661
3118 3170
774 7567
1458 4770
3933 5962
2359 7602
7367 8856
2907 8795
8120 8283
904 5813
136 4699
6638 8692
8 1701
4899 6948
9346 9808
5793 8211
295 5523
4596 5035
6034 9080
1712 8724
7234 7701
3929 4156
3810 8575
555 7531
4503 6231
95 7561
1688 8985
70 4625
1017 1539
4802 8062
811 1219
516 5991
1554 1585
3442 4746
6402 9554
3895 6504
2858 7031
7 2698
6752 9469
6291 6816
7262 9197
4571 9199
5718 9086
2917 4327
5630 8231
4985 8810
92 6012
5300 7963
2283 2477
604 2414
2251 5935
2406 5779
4702 9384
1172 8012
1125 7982
3364 9760
4953 9214
326 6106
6022 7113
723 7476
4231 9493
3482 3795
4823 4874
313 4842
882 3756
1561 9727
6956 9734
2691 9247
868 4415
7064 7860
8430 9290
668 1986
141 8128
5405 9817
2042 4025
2512 6989
2368 2949
3027 8299
2874 5297
1911 6220
1337 8108
2916 5718
7318 8150
5011 5293
5712 9793
3696 8301
1973 6815
2902 2946
4992 5433
6064 7949
854 5769
3986 7009
7794 7883
2384 5221
3336 5535
6287 6963
5294 8641
3193 3264
1273 3047
6040 7536
4801 5176
2498 3520
88 1738
592 2973
1690 3062
131 8358
3955 9139
5834 8365
3562 4386
9 2433
4008 5287
9434 9469
6822 8777
3516 7649
2734 9952
3888 7099
1044 1131
4025 8348
6400 9359
85 8722
3594 5651
5827 9003
1701 9456
2840 8043
4053 7360
464 6115
6094 9300
3701 4702
3858 6691
3646 6301
1288 7485
8541 9970
4601 9414
714 2478
1575 3054
11 1619
5839 6276
2457 6809
2997 6350
1732 9462
2415 3233
279 9293
4129 7444
3000 9453
2405 8195
3810 7427
1131 7214
2792 5082
2141 5088
2542 5248
5093 7310
5064 5366
2605 9723
2810 7933
6602 9228
1597 5000
1687 5186
735 8563
1187 8557
8680 9718
675 1422
1030 7497
754 7298
7211 7529
1900 3661
2213 5480
982 8852
9144 9769
5098 6070
1539 1768
2462 5089
604 9485
1053 1126
9382 9522
3167 4758
7046 9692
4963 7000
2821 4496
1279 4814
507 7996
8874 9222
1631 9693
4659 8397
2766 4413
2906 3416
564 2707
5090 9457
2791 8714
1375 6404
1132 6340
3249 5152
268 2022
73 8917
7348 9702
4218 4514
6196 8676
3930 8644
313 6988
828 5110
4034 5720
3872 7564
769 4695
2284 8672
1524 2017
1563 5400
8034 9692
5100 7516
1735 3447
5388 8082
6644 9677
7492 7690
1506 4131
87 7281
1923 2880
8594 8599
2665 6875
697 9498
3512 5191
2310 2406
2829 3958
700 9139
886 1278
3667 6076
2579 6135
2672 9613
1495 7576
1778 5627
1503 6146
2017 3558
8322 9973
4554 6389
825 8413
4061 4209
1684 5087
1661 3015
1842 5454
1331 6307
89 4495
2829 3606
2334 6006
5672 6656
2856 6174
3018 3552
2442 9074
2161 8781
628 5493
1096 7731
515 7039
297 7003
1719 2412
1001 7215
1743 7136
1663 8547
3569 3791
3679 9142
373 3918
2645 5738
8221 9309
880 1889
1323 6657
1437 9587
1016 6034
5166 7252
7812 8580
7717 7816
26 8379
2839 7440
1526 4846
548 2417
7265 9360
818 6214
5293 5329
1473 9619
5053 6950
1068 1843
2507 3575
5754 6808
7322 7487
1150 2664
7273 7512
6199 6641
3505 9344
5268 7696
4983 9334
4438 6335
5626 6525
7847 9747
3199 7737
1933 6375
4748 9377
5385 7976
5849 8077
1011 5451
93 9053
158 2739
2150 9508
3391 3812
2439 5912
98 6345
518 2251
3553 8502
124 4362
4141 7101
6070 6153
275 9923
725 8898
919 8767
9731 9855
6095 6701
3334 4353
3695 4325
818 2573
92 8764
1585 4446
8277 8767
7348 9677
6665 7705
4867 9776
903 2957
2173 5680
1027 8504
7095 8995
2338 6092
2417 6658
3773 6519
6185 7654
2621 9976
6838 7715
3211 6737
2578 8183
7055 7831
5129 8493
3344 4899
3093 8485
1972 7774
9459 9487
2417 8315
150 7318
3050 6989
2782 5956
698 7434
4263 6003
1941 5300
6742 7312
2464 5244
8860 9132
3753 5580
2523 3510
826 3363
3190 8034
2648 6378
3320 3521
2178 5683
2257 4259
4090 8462
3464 7850
151 1407
6814 7509
6387 7143
6356 9614
1333 8798
2878 9509
3497 8637
4636 9352
5298 5371
4930 7698
935 2439
2854 3828
8108 9931
599 2223
794 8927
377 5326
2470 6761
3542 5714
341 3343
3260 7463
276 8102
1937 8889
3387 7138
4111 8425
2347 3555
2027 7753
2909 8988
5672 6572
6333 9692
6142 9792
8116 9604
324 7507
9692 9992
8114 9561
6079 8547
4047 5231
4811 7423
199 5053
4748 6752
8021 9068
326 8312
2513 8232
9138 9961
3353 8644
154 9866
4417 8440
1004 8121
6234 8380
608 5219
7605 8220
5421 9575
5791 8268
5424 7629
642 7964
2109 2840
3781 9962
3167 4211
481 6691
5118 6755
724 1193
201 9773
7707 9713
1163 6547
1701 3217
7179 7215
2524 3544
7955 8108
2490 9672
3791 6672
2635 6102
4449 8209
178 2357
6489 9485
4767 7000
4295 7197
3285 6679
3181 3505
2280 8604
1721 8443
5164 7584
7697 9290
9338 9900
8837 9294
2181 5060
5151 8449
1460 8694
904 9593
5262 8448
3134 7751
7294 9334
9300 9348
3838 6602
4362 4680
8872 9321
592 4892
6258 6505
5399 5829
68 2256
899 9301
1129 7956
6652 8797
318 467
58 8229
271 2578
2456 9369
3781 7500
7197 8583
2577 2821
4473 6104
5312 6441
1112 6785
4432 8144
3068 8763
107 1820
2633 5305
688 8279
1207 5158
929 1657
470 6701
7554 9694
3353 7320
4287 6686
1074 8370
4866 6154
2522 6459
53 6765
1695 3554
2215 2445
3230 8967
7528 9119
7383 8597
2867 6723
3409 4698
1020 3115
1488 2199
2456 7617
230 9025
1224 1923
7028 7191
813 9863
2683 7936
2172 9386
3040 5872
4739 9353
8138 8579
964 9005
2405 8156
2841 5893
5542 8570
6360 9473
3229 5677
2644 6161
3782 4767
694 3324
2030 2707
3398 6184
588 2573
6673 8141
7741 8070
1379 4439
4112 7007
154 4799
1335 7953
391 9724
6393 8037
4162 8721
8456 9713
6228 9865
8285 9391
7038 9766
6154 8019
1856 3048
1680 7109
2746 4164
2666 9378
4344 7787
5171 6992
388 8534
2158 7933
8718 9702
2676 3774
8114 8914
3080 3303
9772 9916
5091 8574
9569 9997
4304 6296
4796 9734
3076 9885
1306 3569
6070 8352
1312 4801
2093 9576
3918 8863
8797 9092
791 2483
1173 4465
2906 4097
4770 7038
3476 4527
778 792
2018 7286
93 7044
6966 9513
63 2627
995 8900
5705 7344
8645 9579
477 1821
3608 5386
2289 3723
9601 9817
1631 4556
2551 9645
3320 7328
818 7949
5075 8758
178 4201
3721 4980
1941 8837
3562 8075
1176 4011
5100 9734
2956 5309
9131 9337
3137 7359
7000 8457
3068 5636
2522 3214
430 3027
2545 5879
2222 2436
903 3276
6909 7219
1418 5378
4835 6551
2365 6982
2409 2628
1905 2218
3011 8603
1594 6770
953 7414
5100 6817
60 5392
79 8802
60 7186
2909 7822
628 4782
59 5140
6330 9693
6251 8998
7482 8202
4965 7659
1781 7640
33 3156
6549 7588
347 2216
5088 9277
3632 3674
21 7789
1993 4284
6495 7634
1284 2591
5214 6583
1878 9608
2551 6352
2281 6906
971 5591
4190 8774
1983 2946
510 5372
4705 7926
1426 7906
1357 5506
1458 8331
2552 7900
592 2421
99 6519
8179 9329
6624 7102
3492 9878
6008 9265
2302 2548
6945 9597
6087 8318
843 2340
1217 1989
6013 7589
939 5065
95 3112
4658 9944
8413 9198
8730 9340
575 8054
3320 9668
2772 3401
601 1211
1743 7696
4306 8947
2983 3463
754 4715
6185 9092
8511 8838
2746 8623
9614 9956
1117 8440
1978 3199
1684 7004
994 7564
1154 5985
3122 6432
4165 7183
4506 5772
2164 8251
6912 9525
3103 7563
1501 5725
5244 7722
1187 8262
3986 9613
4798 9602
5874 8413
2660 5760
607 1864
2683 3977
8217 8976
3311 3351
1210 4809
4986 6438
6856 7299
4144 6075
3726 6963
4962 7567
5204 9845
1840 8378
3149 4831
81 5129
2519 6452
401 1509
4929 9139
2783 7655
1300 2007
7094 9053
5769 5849
7153 8302
2298 4947
6220 6769
3190 7554
1556 7860
1972 6521
1364 9066
930 5231
576 6628
322 5852
3262 7031
2465 6404
3825 6646
2001 7052
4406 4963
2411 4533
425 9386
5171 5834
2030 6704
2451 3998
9760 9858
4689 7252
6793 8288
1357 1810
3100 4572
2345 4721
5642 9619
708 9548
7676 8755
4737 8807
618 1218
5976 6534
2022 6106
651 6998
5491 8876
1834 7554
3747 6230
8205 8535
922 8781
3874 6063
175 7592
5059 5623
3584 9303
8426 8613
295 7904
2319 7500
3276 5358
380 1028
1422 2505
5490 7053
1344 2957
5528 5618
5277 9066
1495 2711
2449 8662
391 4735
752 8027
2424 4783
5099 8955
4156 8312
8177 9684
289 7132
2899 3676
4874 9082
4528 9232
2718 9358
58 3825
1269 3704
5043 7938
676 7004
1096 7628
3988 5932
6939 9451
4503 5305
2883 4732
868 5730
6635 8715
55 943
4137 8637
2350 8914
1727 8700
2341 6329
2332 3085
453 7528
3546 9712
1310 1812
2323 6106
3412 4890
5153 6613
3025 4483
8295 9043
716 4779
8737 8942
2547 6986
3709 4874
1010 1187
8722 9780
1778 9952
925 6169
3389 5691
2474 9910
2531 4413
5676 9264
3423 8149
4100 6157
6776 8955
235 7250
5871 7963
2492 8339
1836 8302
628 8209
4608 9213
3307 4268
861 2619
3761 8336
7392 9826
7152 9102
2070 3549
2892 7911
962 3387
1819 8728
167 1415
13 6802
6846 8827
63 5576
1375 9663
7080 8013
1924 4320
9291 9958
7187 7918
5350 9036
2200 7579
4299 5461
6856 9846
767 2245
4792 8139
5254 6320
3174 9916
4606 8149
6299 8923
5356 9312
2676 5771
2822 8448
6506 8563
2685 2760
7715 8984
4492 6619
2019 9504
4746 9843
4403 9261
3284 8099
4223 6035
5460 8916
3401 7408
440 9387
2309 6579
3128 7740
2019 5357
440 1297
1953 2182
1600 4181
6656 7692
345 1257
3910 8196
7323 9574
2402 2606
8528 8754
4015 7652
3416 6085
1249 3080
3736 6299
440 4814
2559 9303
1363 7158
5784 7895
1731 4926
3229 8400
9557 9970
464 5817
1632 8478
2210 4596
1640 7638
1762 5493
3439 9232
2634 5966
4482 9593
6299 7567
7126 9655
4813 6589
2297 8480
7722 8923
4292 8531
3674 5210
2264 4991
2310 4813
2531 9706
1095 1857
5897 9086
2867 4397
7065 9099
8418 8920
3476 8258
1061 3026
8609 8672
1700 5899
3930 4122
7070 9561
3595 8663
2351 3197
6024 7512
5080 9761
3542 5900
1770 1856
1674 3000
1699 3486
1727 2468
1190 1634
3071 3869
5309 9485
3432 4190
950 8265
3156 8199
3827 5137
53 5503
2566 7922
2305 8374
1417 8547
4251 8023
3190 8649
1287 3077
1178 1752
1573 3357
7833 9386
8197 8729
683 2210
221 5404
254 6172
2717 5554
2642 6802
6672 8116
1525 7320
7378 8842
2042 4331
5070 7147
1703 3067
4239 7456
1493 1581
6183 7189
5381 7257
1637 7879
3766 8695
4130 7740
5878 7973
1200 2642
6121 9078
2558 6898
518 8315
1219 4098
4747 6901
2375 2771
2366 5444
2346 9992
236 9796
3137 8743
2863 5931
2945 7020
1233 8217
544 7816
3083 6487
344 9523
700 9054
676 5079
1431 2577
1407 7337
3402 7322
5153 9836
2412 2904
2707 4034
4387 5490
4491 8841
2398 2690
2494 6299
7383 9190
5977 8384
7914 8721
1445 1808
1834 9913
697 1304
2066 7609
5071 9608
5579 5875
954 3019
913 7611
1033 7623
6014 6617
7257 8192
3717 4723
1813 3972
4778 7781
1810 2293
5399 6231
451 2821
2494 8615
291 2310
2100 3518
8183 8885
4055 6181
1722 9284
1294 1671
5102 6829
2291 6066
4213 9988
176 9454
6229 7959
5226 9972
2603 8424
2920 7250
5369 9866
499 5947
3330 7016
8217 9228
1076 3012
834 6389
995 8967
6542 8015
7320 8920
1044 4651
833 8373
1613 2820
5753 9767
6302 8418
1270 2293
4645 9834
631 2798
1131 2751
6896 9692
4938 5016
669 6523
5492 6924
2200 2752
7688 9868
2259 4962
6964 7410
1338 8492
694 5181
134 7856
5444 7198
34 8620
7262 9804
2824 6606
2729 5167
2023 6512
2602 4514
4193 7775
6549 9576
6102 6613
3418 6682
379 6671
2786 8079
2577 2952
2906 6389
7007 9417
4602 7183
4280 9211
1007 3764
3302 4123
1262 7462
2195 4407
2507 4690
511 8162
434 2987
561 8136
2302 8388
1811 3826
7295 8138
1363 7711
1284 4767
2836 6638
5399 7404
4783 8310
2780 6079
8172 9115
983 9384
7624 8062
3615 4743
3302 8908
5226 8860
1796 8548
2824 5079
4385 8152
1895 7958
3425 8777
4284 7700
402 6572
814 3758
4522 5772
4991 5986
911 4908
3681 7824
161 9031
4323 6569
7427 9882
608 2679
1384 5697
2851 4899
4906 6414
85 1459
305 9878
1612 9607
5152 6415
2327 7511
6066 7338
2832 7196
1623 7852
1421 6056
7874 7936
1344 4925
1204 9372
2339 5109
6430 8197
782 7133
5520 9735
695 7673
8041 9742
3714 5415
3257 6945
1864 8928
4276 8511
1407 2668
448 9074
5078 5221
1407 6132
1858 5140
5407 7644
4003 5043
1905 2256
2032 6610
6749 6901
3040 8721
1393 1896
3125 5976
5978 5993
1077 4528
5319 9519
6453 9007
1458 5695
7047 7465
6169 9985
3240 3918
1727 4395
192 3810
252 9904
5983 7242
772 1741
813 4747
4576 8906
178 1472
2855 7300
2690 9947
1510 3218
148 8653
1796 9969
6192 8964
5032 7766
5985 9229
1337 7348
9510 9605
6846 8641
7408 9449
87 4116
7378 8303
2223 7910
1744 8164
7659 7964
857 3917
6219 8607
9106 9448
5254 9271
2095 8106
2959 6602
3552 6368
7608 8265
2245 3961
1985 3647
4038 8183
4471 9295
3895 9913
1616 2150
236 7868
2633 6097
688 860
768 8641
3921 4088
7531 9952
50 6723
1136 6946
210 6508
7369 8520
2276 4399
4491 5464
185 1977
8235 8546
2385 9548
4681 7299
599 905
2345 7983
2533 7470
2184 6787
7324 7507
3482 7696
3027 7051
2278 2756
2521 2606
3221 6090
1208 1310
1134 5030
9099 9335
749 5199
4229 5932
5444 7541
3381 4510
7093 7213
4098 7608
1533 6085
4383 8758
7930 9546
3701 5317
3475 4443
901 9990
304 5735
7164 8898
6909 9963
5534 7665
798 923
1680 1758
3962 8801
3778 9561
395 3899
539 4850
830 3693
1409 2554
2813 5516
668 1077
2289 5176
2906 3482
5665 6629
3237 3303
3709 5342
2599 4034
6691 7285
794 6225
944 8411
1821 4881
999 4257
647 7324
4043 4307
3521 8966
7184 8917
2578 4937
2137 3997
1225 5769
1712 8200
3067 5983
4592 6833
2820 3751
1479 3594
2799 6141
6567 7109
1756 7870
969 6132
3127 4498
1173 2719
312 8075
1871 3356
2919 7386
6159 6637
3758 9836
647 3759
7280 8352
214 3972
6941 7296
6764 7755
7514 8968
1312 3745
3199 9885
4558 5755
202 7155
2626 6196
7289 8200
2250 7492
5332 7334
9054 9682
7540 8440
2042 2971
1299 1303
5137 7323
692 9956
1059 6229
7798 8537
4242 9734
8426 9131
1450 9714
1026 8256
5239 5727
14 7736
2514 6747
1505 8715
2577 3076
6644 9443
3165 7202
7068 8405
3965 4644
2909 9561
8062 8520
15 7064
2534 7279
4422 9181
2468 4330
7312 7847
2366 8047
2024 3090
4246 6531
139 8462
408 4309
1230 1840
4618 9471
531 6641
89 8110
5346 8637
6941 9290
2374 7544
6921 9913
1753 4781
8088 8233
1881 7933
8574 9427
4248 4351
3668 5626
2672 9714
3675 7531
8758 9988
1152 9439
4035 6389
4955 9140
104 9885
134 6613
2635 5103
3363 5513
3654 9063
7136 8401
6753 9858
1267 3268
3693 3858
1551 8886
3441 9911
3436 3995
702 2223
8349 8795
4621 9616
6383 8356
2716 7495
2471 5084
733 7004
4304 4386
3596 7294
1945 3406
363 2370
7199 9118
4839 8358
4462 7939
4446 5297
3040 5974
1173 2398
4714 4731
750 8493
3142 8424
2321 2323
3420 5305
1102 7030
9423 9891
4474 6262
5170 7022
2969 6793
1026 1461
5759 6791
6116 7665
2252 3737
826 879
480 6619
1198 5017
6229 8721
4896 9637
1291 1297
4877 6174
1473 7596
2158 4152
4206 6012
3061 9933
5458 6611
111 2955
2738 4184
4964 6994
3759 5527
3224 8914
2748 5563
1269 6537
1484 4953
5272 5330
5965 7240
144 1249
7596 9572
7698 9291
8398 9156
1300 9158
3172 4398
1519 3949
622 2503
5127 8318
7147 8679
3336 5459
643 739
2141 9988
4108 6779
1991 6693
685 6978
2681 4171
1466 9506
2245 5636
5151 6843
697 5939
7567 8859
480 3364
2101 9369
4393 6276
3879 8225
2488 7564
4327 4465
6309 9120
612 4174
1736 6179
2018 8398
9459 9541
6635 7011
4785 6703
627 7809
2172 2288
5042 6866
1533 3416
2505 5544
5234 6040
2390 3073
3847 5177
813 5401
6742 9881
2371 8967
61 6768
6294 7277
5626 6045
3703 5052
4406 8737
3389 5230
7855 8998
2215 8346
1360 9858
2691 3562
3055 4370
769 8838
5714 9783
3236 7023
6846 9191
5035 6809
3807 4571
957 7821
1236 3941
928 4763
515 9154
73 2848
7098 7971
4962 9199
4307 6909
5590 7873
2391 3962
980 3634
4538 7567
809 9853
8903 9337
5680 8274
9008 9364
617 4030
2256 8824
4590 4673
3400 8796
4574 6977
2464 6801
2613 3725
4222 4572
2955 5413
2907 4197
120 7732
15 1033
6379 9066
197 9764
95 703
1188 5073
4519 6179
1729 5814
2432 9139
183 7677
1725 3859
7120 7972
336 4755
4091 6347
4137 4889
2707 6446
1433 8522
3314 7102
3074 5571
2446 9770
6103 6261
854 3736
4923 5244
2962 3611
2774 6766
1240 2570
3027 6571
5160 6996
2013 4729
325 1301
1629 5076
5641 9519
2618 4514
446 8967
789 2892
5367 6314
4810 6713
1030 3484
1814 2724
859 3192
6951 9191
4194 7577
4205 5170
2423 2745
6092 9686
5305 9962
1009 5370
3127 6701
5493 9618
4682 6589
720 3442
5817 7609
2577 8758
880 8509
8236 9346
5164 6574
3929 5001
7780 9791
7149 7294
4566 6956
7353 9161
2777 4351
5583 5778
1086 6932
109 1667
1365 8784
173 2821
3519 5820
1710 8997
241 518
4200 9519
295 8573
5986 9346
1399 5784
1161 7653
1075 6915
2880 8305
2573 6107
5662 8513
80 2068
168 4514
5433 6951
1238 3721
555 8015
4246 9636
9126 9199
6214 9724
3379 4435
1096 6519
1701 9541
7419 7864
3949 5017
6746 9049
4658 6887
134 2952
4556 7187
5714 7491
4385 9630
5642 6179
3960 5944
6528 8232
8183 8213
1576 6814
266 9656
670 9886
1638 9727
6185 9944
8661 8742
2300 9218
968 3725
2405 2818
7732 9637
451 3421
4230 8501
3072 9452
2466 3458
2192 2751
6572 8012
2168 5427
7653 9095
4944 8234
2251 5331
7822 9027
7739 8787
7404 7659
1066 5845
5577 6990
1196 9491
93 3952
2382 8802
4650 7502
7424 9730
4680 4836
3879 7740
2980 9034
1803 1923
5518 6225
7106 8227
7143 9922
93 4292
2722 6251
1964 9257
8279 9094
74 4604
1361 5485
5867 9562
3612 8475
5723 6006
3118 4413
681 5254
3387 8495
6111 6549