100
2784 6787
2630 8466
3878 4137
2454 4165
1314 7239
4129 7630
1087 4766
1311 7279
4741 7527
1069 8390
3861 5136
1325 8639
1315 2375
3825 8103
1246 3758
2670 4834
717 6286
2142 7358
5170 5369
7166 8218
943 5516
2446 4659
394 8932
7482 9496
1836 3976
1809 4152
2551 4640
394 8024
3169 8513
4159 8571
3950 5751
4839 5488
4663 8265
1060 8520
3108 4462
1123 3995
7205 8971
4743 6940
1275 8437
835 8219
875 2755
119 2000
5677 9586
213 7525
1834 9170
3189 6110
4905 6660
3238 6710
91 5937
1435 4930
3304 7290
806 6940
7119 9191
34 1346
3809 9922
1375 7789
3060 8746
521 1648
2142 6031
104 6479
247 7648
4001 4312
1067 1207
396 9711
2020 2413
705 5417
705 6623
3169 8735
2277 3685
7807 9933
2413 4809
1649 3097
1520 5129
3639 3918
1007 5905
1289 8491
7142 7367
4650 5084
394 2885 
504 2353
2622 5649
5250 5294
6459 7469
832 3508
1445 2699
3157 4847
6250 9090
4494 8917
3165 5758
4340 9635
2564 8735
4591 6301
2815 7176
5997 7713
7803 8438
4559 7154
5603 6405
4071 7157
4692 7795
763 6666