2000
6685 9909
3826 6828
59 5980
2832 3628
360 8383
2223 5222
1539 9565
3587 6962
7579 9938
1841 8980
1838 8861
4966 8643
400 4165
5965 8998
4152 7955
6516 8108
4119 5598
317 1201
997 2153
3397 8542
39 4922
6069 8715
3018 5298
1000 7940
5917 7065
1995 7941
7398 8924
1852 4930
3334 8735
6091 6997
155 3610
1775 6738
4140 5168
987 8583
677 6955
2832 5674
4069 4572
3330 7132
5015 5243
5227 7821
2438 8568
592 7265
520 6330
1356 4762
5084 5119
6022 6454
4133 7084
1799 5703
5332 6306
2776 5330
2572 4616
2021 5849
2197 5426
6297 8818
4485 9168
4000 9990
3925 9037
2652 3557
942 9488
1410 4599
4864 9790
2250 4244
4220 8322
2267 8534
461 4405
3743 4742
4827 7098
1596 1867
173 8344
7593 7885
1540 6143
2085 3091
3076 8177
5813 5982
4006 6156
6162 9925
6563 7287
4132 8630
1166 4512
576 4387
3380 4943
1275 4265
3217 8872
1803 4112
4603 4863
6191 9315
2917 5124
7899 9675
2195 3984
2801 9831
2875 7821
878 6414
2282 3057
1586 6764
2453 5609
395 655
4560 8637
5604 9855
723 3796
18 3050
5081 8863
6 5102
2802 7449
1250 4214
2195 4129
5864 6902
2816 4273
5528 5607
1401 6547
2 3892
3325 6688
8413 9140
7048 7306
370 988
945 4611
72 2492
4284 5327
1757 2454
5226 6931
213 9824
5388 9599
3229 5508
597 739
1422 3693
3648 5827
4371 7787
2023 4309
782 4327
7651 8675
4396 6822
2016 4309
3203 5605
4657 8173
5903 7292
7156 9782
6018 7986
6083 8136
8849 8958
5022 8038
8758 8993
6440 9791
2378 8426
3952 6382
6553 6598
1002 2315
6253 9387
2471 9067
1634 2972
5680 9518
2873 8423
7742 8766
373 7729
4587 9172
296 6986
576 7197
3129 9970
3578 8845
6189 7595
5095 7036
4245 8717
357 6826
598 6468
1349 4559
1396 5214
7349 9357
7938 9219
679 8985
969 3036
1121 1391
3221 4778
891 7177
622 6985
4049 4803
4573 7885
7675 8475
793 1751
2955 6972
7441 9587
4373 5419
576 7170
2707 6568
1819 9374
3721 5126
3846 5943
6104 9216
4165 4823
5066 5999
5560 6494
1844 2379
300 5351
3770 6011
6500 7000
4483 6339
4006 9189
5409 9228
5430 8690
9079 9173
4157 8095
5508 8120
3103 7818
398 3643
2907 8395
5431 8376
1819 3040
2607 9732
4110 7475
5523 8062
384 516
139 3347
5884 8771
3299 5064
5882 9330
877 9293
3690 8541
4391 5073
4902 8685
3587 8366
7648 9050
2327 3290
3837 4416
8319 8400
2654 9526
2423 8446
707 5058
1257 4786
510 6282
1984 4534
9056 9261
602 5384
4218 7278
2591 4841
2848 7019
2964 5375
477 9382
3406 4201
377 4940
2250 3887
1784 2143
2713 4168
3793 4183
3121 9204
2517 4033
5602 9961
990 5388
3834 8206
6546 9569
4217 4800
2448 4809
6908 8206
707 4560
4566 6381
793 4197
2467 4553
594 8962
2849 8555
1235 5677
8859 8969
606 5049
1589 2319
8011 8309
486 2711
387 6532
768 7680
1207 2118
373 6327
3014 7054
35 9922
856 7018
5174 8598
6330 7279
6863 6889
5118 7628
833 1051
7845 8198
360 9814
339 6091
1852 8201
888 9282
1608 2843
5755 6870
3278 7283
7214 7574
3639 4632
2234 4617
1180 9228
3005 6975
7036 7845
39 2812
2378 6607
366 3498
3137 9411
2332 4679
489 2471
1156 1834
2281 9829
5742 9209
2053 2489
1434 2657
4296 6500
1411 9358
8975 9459
1065 6337
1059 2565
3651 8870
289 3385
156 3433
3704 9574
1058 2699
2456 9100
2338 6198
3087 3405
4776 6877
7675 7955
273 7821
2146 4175
1556 9546
1506 1832
2386 6768
5444 9987
2047 9327
2453 6406
2954 6638
1521 6471
3935 8186
1316 9574
1782 7275
1697 7592
6198 9835
3910 7366
2996 7301
2936 7402
2145 4537
2729 8420
1396 8785
1195 5605
1275 4439
2718 9376
4277 7274
3615 8308
5003 7034
2070 4782
4704 6867
298 4568
4490 5417
818 8194
4817 9583
5384 7433
4599 5284
1248 4141
4249 8762
81 1769
4713 6831
4051 9780
4987 8967
275 4284
7869 8683
2955 7035
3840 7889
886 4416
1009 5284
7175 7417
4364 8156
4659 4869
2183 2899
3002 4344
1175 3428
1631 1733
1255 1824
2752 5497
4379 7008
1630 6971
6990 8363
581 8963
1441 7396
1610 1821
3024 8239
798 2287
16 3326
1796 7004
2024 2512
3319 8483
5686 6789
5170 5894
3256 5717
1883 5982
5486 8690
2580 6647
1178 6198
642 4216
9637 9841
3632 9078
2485 3899
5970 6673
3374 8290
4427 5508
7642 7944
551 3841
6025 9608
2368 3741
1706 2860
510 3415
8230 9577
2840 4554
5539 7529
602 1513
5618 7820
1268 1819
1531 5374
2281 4229
4202 5327
6209 6625
5982 8642
1439 4616
2854 4060
1991 5402
3446 5444
463 8643
2172 9557
2944 2953
1637 6044
277 3052
636 8365
3737 7843
2122 2392
1773 7843
2741 4613
946 8139
693 3997
3557 7721
1840 8561
2645 5118
2654 2665
6135 7451
52 9108
6930 9664
6742 7845
3584 4335
1012 5997
2491 9793
5904 9691
4368 8110
225 3290
3486 4743
4024 6917
4005 4915
1900 9238
1087 6257
257 3710
424 6959
5084 9557
370 1728
2728 4096
2128 5953
4243 6485
6531 9145
5299 8230
3737 8003
3430 5096
1320 6677
2197 8468
1764 6854
2430 9011
6629 9128
2677 3439
7342 8413
1058 4203
3848 7728
3491 8658
6840 9194
2357 8980
2143 4666
1945 3318
5866 8851
7882 8018
554 7137
1179 5242
2295 9520
3892 7283
2550 5890
403 9450
526 578
3349 4065
5889 7672
3 3874
5497 6816
8468 9651
5627 8573
5958 9218
4930 8439
5658 9673
1687 6852
1688 9642
6172 7914
934 7161
1772 9358
5426 9904
2305 5577
3930 7365
2582 3312
5675 8271
2178 3877
3693 9067
4498 9214
699 5157
1904 7458
4268 6626
2695 7924
1465 4577
4424 8595
4948 9653
8140 8728
582 2271
4230 6105
4893 6487
640 1567
6698 7067
640 7845
7084 8615
2350 5563
703 1793
6377 7124
2704 4040
444 4977
3741 6868
1169 1403
954 2729
2954 7954
2095 7856
3372 7872
1648 2770
46 9831
4084 8663
1580 3710
230 8499
403 8748
5563 6899
3433 4216
910 6925
5103 9085
3773 8762
7590 9832
1519 4534
4335 6927
5816 6863
4520 7587
959 8033
2937 4958
2599 6208
1383 2983
7072 9653
5071 7889
1974 2232
8242 8639
1938 7005
838 6515
835 1171
6003 9559
1648 3452
273 5653
2061 6997
4394 8742
883 5997
5584 9186
4643 7035
2813 4959
300 8211
4817 5834
4776 4857
1722 6963
183 424
658 4793
7465 7938
5511 9724
4098 9780
3467 7283
2464 5406
1391 5232
3092 8034
2485 6959
5715 9108
2154 8563
4635 4718
1596 4436
2353 2917
2024 8444
6709 7283
6191 7707
253 5971
5586 9469
1659 8720
2511 7776
5885 9939
3825 8194
449 9824
2358 2453
811 7534
5340 7870
7452 7889
1496 2214
3925 7501
230 5834
3954 6355
2507 7166
5126 8366
6466 8153
3012 9587
782 8292
2917 9145
4545 6245
2148 5075
3387 7827
455 7400
488 5904
2113 7148
4171 5057
2388 5384
4759 7711
3705 7324
6921 7832
2853 8024
7779 8943
1551 5282
3965 8922
3716 4600
6634 7136
1039 5357
1120 4728
2706 6287
6137 9637
2553 7336
4008 5138
1179 7253
2862 6838
5319 5930
1316 9107
1302 6287
406 1807
1414 4290
863 2680
597 3008
51 3887
2738 3172
1807 7071
2467 5124
6652 7716
2703 6007
3025 6252
3 5885
9544 9912
3102 9428
3238 4092
5058 5966
7088 8029
2511 8198
4 8035
843 8253
6570 9058
2905 5497
5253 8486
798 4813
479 1588
4447 7871
2580 7636
8513 9831
4477 6828
2388 3040
5378 7630
2071 3693
399 6151
3378 6365
3433 4284
7246 7955
1589 6614
1529 3906
5220 5777
225 8536
8638 9667
5419 7700
6995 8803
795 3410
3859 6477
1943 3319
5694 6139
2358 7721
3558 3825
2809 4204
2241 6151
6170 7513
3239 7685
2279 2725
5324 6198
7184 8561
1425 5497
1380 5867
5174 5756
4209 4364
3220 7538
1475 2232
107 1529
463 3673
235 4084
6191 6205
5354 7858
9007 9416
252 1009
856 8375
2152 8710
2280 2998
75 8846
1878 9373
7235 9780
8315 8778
849 6011
5015 7019
7575 7719
385 9058
556 8209
5833 8371
4442 4643
5328 6277
8196 8988
886 4243
4120 7245
5863 5883
2770 6791
2954 6788
3390 5523
6304 7458
1887 4740
1085 7177
803 6854
945 6964
5138 9787
1362 6173
1235 2002
6022 9647
2850 7632
1148 8214
1299 8322
1692 8093
3132 9109
2129 3825
5164 7884
5095 6838
3150 3993
7978 9921
2149 6257
798 4908
2787 7403
540 7472
52 2411
2312 9068
3952 9229
4802 7435
4696 9215
6862 7136
4414 9824
2707 5344
1142 4287
3643 6044
320 8480
6317 6787
2842 7010
1112 5371
4451 5965
4017 6667
5618 5666
7820 9534
469 7776
1824 8176
6870 8306
3645 8923
2972 8186
4104 9005
3574 4151
5006 7245
2540 5433
3142 7365
339 8186
4201 8844
3433 3643
1803 4761
6599 9778
20 1599
933 1903
3347 6528
269 6601
3651 7281
3446 6479
5423 8747
5673 6229
8814 9520
5003 5223
3108 3560
5929 6484
963 8779
1863 3810
687 3140
6546 9362
163 5222
1166 9944
539 1055
52 9872
5619 8869
8254 8542
7384 9190
4309 9746
7090 7786
2972 5605
1806 4552
784 5451
3887 6208
1402 5718
211 8359
5902 9929
2094 7433
847 5607
6434 8620
4761 9013
687 4818
4415 9349
1640 5779
6422 8426
1094 6278
6930 7392
4956 5995
3317 6255
303 834
577 2629
1409 3603
276 4042
2723 4572
4412 8465
6151 8612
1705 1950
1302 1697
6475 7355
5174 6972
6091 8619
385 1823
682 4763
1814 4809
2840 2844
6971 8912
1106 3900
2846 6380
9406 9963
1771 2928
1280 2449
4212 7821
6548 9834
6202 8818
4068 8068
1300 9773
2469 7889
8400 9829
2987 5971
1245 7329
1100 9884
1241 1546
1614 8395
1114 3448
4695 8557
2905 4777
3841 6231
6786 7283
5737 9108
1421 9970
1819 1906
1973 5066
6473 9912
668 4098
7034 7035
8428 9535
409 9855
725 9454
124 2134
1663 3932
6350 8255
407 8094
2598 5296
107 8527
171 8038
2758 4435
1814 4909
6657 8060
291 748
666 6903
581 7712
275 3363
211 8319
4857 7868
2516 4265
677 6418
6408 6553
9094 9477
647 2123
491 7233
276 6478
1550 7836
6339 9739
3679 7128
4127 5260
512 7788
958 1751
7539 9176
9785 9849
2455 3271
5384 5957
2657 5180
5661 7885
6079 6428
1630 7992
3253 6378
245 311
3975 5815
8671 9176
1025 4595
3498 5988
1307 8149
4333 9008
1349 4936
275 5560
2473 5466
6927 8814
2067 5390
3798 4361
2960 3836
3279 3810
3409 5342
4977 7933
2816 9424
3585 5410
926 9210
4780 6542
1987 9129
1310 2018
5934 8658
1236 6181
6964 7022
6791 9245
5469 9281
2977 5690
6682 6789
1784 3735
1316 2938
2235 7166
3152 4265
5201 8969
7229 8823
923 9053
1712 3187
318 3717
2 9821
2264 3148
2587 4222
75 6180
538 4517
4977 5867
687 5663
5630 9531
175 657
5085 6789
2400 5473
2705 4511
4625 9684
6258 8447
195 5652
7015 8414
1673 5997
3706 3975
2524 6431
1166 3452
5900 6774
1316 9249
4373 8439
5214 9765
4034 7279
1904 9706
2634 4410
5292 6882
2551 7417
2706 2741
753 3538
4845 5929
622 7831
3544 8952
1566 8781
5573 9514
2146 2265
6663 6945
6784 8606
3412 9454
2105 3783
5318 7800
2124 4596
3981 7662
2521 8871
5653 7686
2287 9664
4331 8505
2507 5358
5304 9958
1077 7962
1342 7157
7230 7324
7763 9998
8794 9513
4914 5618
4757 6611
5978 6686
2976 3931
3890 6135
4969 6585
1390 1784
4925 6970
474 7654
6072 9281
543 3244
2816 5991
3387 5417
2030 9826
6405 6964
508 6547
2889 7178
1743 1749
2645 8598
147 4298
2282 4757
2862 5403
2419 3017
1009 5698
124 7416
896 7009
1115 8468
6728 8243
5418 5622
5471 6831
1697 8344
4481 8876
8618 9340
1443 7162
3452 5223
8365 8923
9311 9819
7058 8907
864 1663
878 5388
6266 7494
1626 4898
6957 9634
886 5219
957 7140
735 2290
3340 7793
6342 6554
3979 5790
3348 4265
942 9749
166 3971
1051 3914
1422 3562
155 8695
4665 6445
4332 7664
3299 6484
5917 9912
4317 5568
773 5969
7794 9579
288 9379
2111 4422
5213 6210
2949 3864
7158 8003
3121 4566
3763 5351
2923 6804
2460 3453
1411 3441
5764 9496
957 6164
2315 3741
4604 7172
560 5926
1558 2314
5085 5327
1082 8790
1163 9697
4268 5482
1531 2172
4856 6406
285 2446
5090 9375
2171 8553
3224 3823
3467 5375
3343 3679
1701 3088
310 2206
4930 8527
2521 5027
4863 5388
3996 6019
592 3299
6581 7621
8089 9616
3154 7578
302 965
4708 5351
1519 9065
1744 2070
3041 3807
3770 4368
1414 1456
6739 9331
1943 2643
6409 8258
6315 9760
2538 4317
3360 7098
2996 5053
7124 9192
643 9058
5340 8640
4416 4659
9 7995
5662 6876
6414 8659
230 9696
6694 9432
1398 3043
296 5058
6486 7744
6918 7908
1552 9330
787 2922
1973 4921
6479 8851
172 1764
7446 8366
944 3040
2243 2721
1169 1926
2750 7630
6370 7321
259 9064
6543 7390
3418 5451
4464 7290
3416 3585
1536 4776
767 4676
4710 5064
149 9389
1598 8062
1831 4487
5431 7055
3505 5453
7689 7961
916 1222
4499 8031
469 8198
4781 9944
4163 7247
3932 6752
3153 5191
5753 8963
7875 9564
591 3024
1110 5440
503 6661
4182 6516
3948 5439
856 5498
56 2922
4801 7374
5201 9015
1070 6477
3979 8066
1236 6789
2357 7921
7529 9015
1052 3783
1126 4009
711 5462
2515 4778
3841 7821
2280 5352
4688 9576
605 7048
3993 4284
5000 5361
706 1825
1627 6069
975 7563
4368 9100
1620 8277
2590 9092
2212 6626
571 3851
4285 4838
2927 4574
2446 2987
9007 9829
292 9994
1014 5904
3337 4863
3438 4420
7417 8465
156 4060
4937 9406
4244 7081
95 6552
1363 8349
2453 9527
3418 5094
714 2607
488 4141
1536 4439
3029 9816
424 5999
3068 6755
1053 4162
4698 6477
4115 8002
8107 9229
2401 2756
852 1321
1903 1968
7218 8087
1316 8940
7141 7577
4302 8837
6796 9069
2162 7273
813 6161
105 7926
3687 5325
1131 7292
1955 3046
2154 8140
4138 8992
5294 6667
2898 3363
11 5198
2072 4743
608 839
106 1146
5779 8283
6057 7231
5171 8434
4119 6928
687 5244
5433 9444
4030 5829
2645 9199
7534 8933
3631 5084
527 9775
946 5608
3555 6372
6218 9560
1161 9453
7283 7770
5594 6934
1854 7871
4858 8334
2636 2643
1021 2786
5127 5138
5325 5657
754 9473
51 1423
2791 6131
4419 9235
847 1697
6421 6897
1166 2293
1004 4559
6454 9357
6121 6552
39 3509
5041 9666
7993 8616
2144 5947
3743 6810
8617 8827
107 2510
531 3693
1201 6788
3205 9915
5653 7540
2152 6451
1456 8391
5377 5966
160 1401
425 4009
4642 9785
1236 7685
3810 4776
4658 8557
576 8771
298 8785
8297 9928
1322 4017
2418 5506
5666 8351
1801 8916
1974 6606
3018 6855
5388 7018
723 3154
794 6188
5292 7742
7883 9172
3212 8409
8358 8972
428 8400
3587 3892
2858 6652
5275 8675
809 5426
4420 9965
4265 7010
3917 5944
4696 9075
2454 9482
687 9780
3 9231
398 1248
1852 6049
2391 8093
1396 2906
6682 7685
3868 9664
1484 4317
4307 5329
5874 6161
241 9830
3868 7010
1990 5767
1416 6064
4107 9037
1125 3401
5325 5430
379 6931
7728 9034
4748 7723
4937 8801
811 1551
1458 3757
2281 4060
7554 8415
1513 4793
1416 5822
847 4042
3278 4109
657 1429
6925 7850
3017 6306
1161 6177
56 3935
5701 6310
1797 5661
435 9878
443 536
662 5458
3940 5027
60 4641
1669 3068
3050 4871
1411 9173
8870 9341
3686 6212
1646 8794
6384 9053
677 9406
618 7264
1661 2665
5870 8235
865 6528
2546 6333
1871 1977
7172 7325
6249 8642
30 626
2257 5863
2488 9024
214 8827
7008 7940
3773 5307
3562 4313
73 1684
641 8717
4141 4568
1103 4710
3109 9995
5679 7235
7926 9566
2955 8507
2307 7297
5450 5768
5085 6393
2885 5223
7286 8018
5840 9709
105 7087
6494 8066
4 6413
1542 3343
3517 7325
531 9444
1711 3220
7852 7870
896 5918
1166 8100
6951 7489
1081 1331
649 9331
1613 4398
488 3054
6899 7465
7626 8846
7776 9834
598 8526
4009 4248
2643 7107
1558 8494
3254 8337
1885 2076
3993 4137
3438 8379
3211 7589
4137 7215
2002 8054
1671 4158
2295 8907
2155 4608
3002 4416
4455 8728
1146 5236
3405 9415
3518 7252
485 661
2300 5221
2126 5845
2792 6302
4625 5651
3104 4644
1456 9494
775 6555
3649 4310
1166 9199
1128 7457
4459 4653
2797 6661
4140 9862
951 3498
6582 7767
2498 4873
1521 9034
3368 7036
3756 7676
1081 7050
5135 8320
6545 9903
1587 7529
1307 3161
5473 7235
3008 9011
2885 3607
7711 8040
1707 8198
7080 7820
8508 8609
4032 8990
1926 5426
3585 3804
3003 9026
5587 7018
2076 6222
2866 5815
4249 7897
7867 9743
1342 7782
799 6974
817 8849
4573 5661
2949 8872
6385 7297
2604 6921
4132 9735
1102 2611
798 5079
5778 6954
1470 5118
4838 6292
5505 9161
8333 9842
3077 7161
1316 7338
612 8595
230 4090
6750 9522
7563 9912
2743 7647
3862 6874
895 2104
2105 8346
5636 7975
878 944
471 5902
1112 8612
81 4679
3528 4869
4396 4793
4553 4871
798 5471
3494 6037
2274 8557
2760 9043
3357 6993
2738 8189
8389 9267
6726 7449
4319 7085
6563 8983
5954 6401
3040 8512
2043 3557
6721 7384
3405 8192
617 1626
1030 2130
6094 8827
2110 4783
7124 7579
1325 2155
5279 8639
596 3531
8619 8963
1485 6613
349 2627
394 3054
9330 9576
4827 6736
4730 5660
5439 6784
2770 4891
322 8337
6629 8605
378 5542
693 5932
1572 8131
4473 5630
6181 8590
2291 8829
3825 8305
2928 5294
406 8351
1536 2089
1807 3811
820 2301
5772 9312
3251 9239
1786 9713
798 4542
615 2117
5842 7652
6005 7535
3970 7451
4286 4291
9 150
1697 4141
4361 5236
5351 8718
448 7899
2337 2647
2057 2627
3250 3763
3783 5917
3771 7286
3153 9341
3032 5161
1138 1394
1519 3097
5220 8315
4882 7908
7581 9024
4266 7460
1166 6091
1154 1751
132 4921
998 9015
3991 4910
320 5936
3724 6046
5223 9593
1796 2018
699 4322
1107 6225
2070 4621
2610 4816
383 1295
5361 7909
863 7045
1602 2714
1371 2891
513 8592
7841 9199
3142 5925
2105 5833
5214 6396
190 617
7148 9886
1903 3550
3401 8433
4296 4616
5105 8794
3390 6351
5977 9222
6774 8494
2702 7953
1586 1972
878 4368
2587 3832
1184 8918
1603 2452
1948 3000
3659 6180
1749 6727
8453 8641
73 3624
5779 8619
5311 7899
1410 7639
3906 8619
5023 8489
151 7444
146 6997
5180 9473
4265 8065
1402 7370
5704 8912
6370 8779
1131 3993
1970 6750
469 6209
2327 5663
748 5535
1773 4225
3321 6001
1607 8440
7787 8140
2358 2887
957 4400
3267 7172
7951 8114
1856 6322
3439 4382
2860 3728
6728 9603
114 3695
3091 8813
32 1523
6817 6890
2285 5252
298 3643
5346 7035
693 3562
3997 6629
203 2775
1956 7901
4414 4527
579 4109
1671 3481
7944 9341
7774 8428
3014 5575
2960 8568
403 508
2695 6912
4508 5418
945 1302
1084 1443
551 9254
5506 7760
1177 4925
3126 9148
5644 6435
1687 8866
2397 7008
5465 7107
2477 7476
3498 6608
1410 1620
52 9621
4718 4863
6820 7938
2176 2854
8016 8397
988 4398
3913 7839
5259 8714
6804 9645
6164 6752
1036 3665
2393 7151
1197 3003
7766 8375
1484 3537
391 6063
4542 9424
1773 5833
6973 9645
1978 5257
4718 5300
848 4243
6791 8841
1799 6833
2179 5520
2749 7018
4803 9640
2148 3880
5292 5756
3810 8595
2962 6954
1420 3104
6959 7435
3786 8381
6882 7686
4310 6418
1348 1717
693 9225
6396 8026
1573 1773
2599 8522
407 3214
4517 7794
6143 7183
512 4735
3980 8329
1841 4657
843 3733
51 3423
6294 8714
5874 7519
1096 2420
1929 9181
7905 9721
1484 8413
1799 2257
3916 8964
693 8563
1343 3036
3621 7732
3971 4214
2925 9775
1987 8957
1311 6549
3754 9385
7512 9393
5553 6264
5384 8001
1681 5298
7166 7540
1691 8570
5284 5637
5791 9098
407 2001
2171 4039
1943 6222
520 8620
280 6173
5180 8132
4321 5935
1059 9173
432 6506
3771 9219
3952 4925
4756 7789
2532 4871
4541 9815
1604 2568
4297 7993
1365 8659
8440 9190
3742 6044
4698 9445
5607 6611
5400 7657
3013 6807
1391 5051
6657 7804
3868 5471
4277 6850
1793 7271
643 3334
1302 4560
7421 7721
1120 9235
1127 9344
4483 5085
863 1708
2377 6616
7095 9224
1587 1659
2279 6986
1861 3339
5910 7236
5219 7071
7820 9015
1426 2875
1773 2206
5740 9622
3444 7133
990 3102
3745 4152
1861 9427
1659 3305
4718 7395
7540 8507
4772 8827
3445 7954
1190 4937
269 2224
3238 4500
2969 3856
3274 4966
1289 2536
1756 5002
2305 4605
5887 5921
2880 8315
363 9775
413 7527
2105 4951
33 772
469 9994
6479 9281
5965 6518
521 1249
662 9238
1536 2809
505 4301
412 4735
255 3176
457 3202
2372 8385
5607 6306
565 2545
1257 8790
1349 9129
2741 4396
611 6178
1767 3867
3107 7963
3593 4109
6735 7417
676 3874
5073 5446
4291 6470
7296 8116
4320 6930
7489 9645
2257 2358
156 8748
201 1646
3964 8822
6874 7275
2003 4059
4414 8507
3129 9855
1804 5776
3748 6770
2281 7685
232 2030
693 3693
1556 7706
4902 9847
1111 1901
3366 8897
1877 9211
4020 8975
1760 3992
147 3107
878 7235
257 5346
3497 3819
5607 7686
575 4229
1039 4373
1712 4753
5557 6414
2594 2914
5997 8233
5015 9022
1403 7235
2875 5662
4276 7312
9288 9645
6973 8173
317 5666
2359 9345
2905 9630
206 3129
2839 7836
8380 9606
4793 5600
1946 4956
190 4310
8392 8895
406 1709
6626 8642
4287 8658
2706 7728
4587 9332
2656 4464
1552 4141
6054 8893
7086 9390
7357 9189
273 4757
1697 4153
6773 7635
4796 5612
1978 5932
1484 2538
642 6581
5128 6513
2093 4310
337 461
3748 9077
5403 6625
8008 9732
412 6317
804 8897
3610 9583
99 9689
3105 9453
1670 6371
3906 4033
1039 8997
9081 9582
4416 7435
3378 6806
2592 9379
3945 8817
2065 9749
481 687
3104 8490
6257 8703
505 6149
7884 9552
2002 8607
4466 9133
7406 7441
2221 3519
5936 7592
2497 4377
358 6570
1257 4000
2996 4930
7646 8011
4163 6396
5440 9985
3359 9052
627 4042
3011 7899
3193 9673
5302 6995
6055 8741
147 5318
95 4802
4959 6868
5795 8889
2602 6682
1436 9832
1869 7157
4269 8069
2229 8380
2612 7008
1942 4553
4764 9987
3562 9444
7252 9990
6229 6664
4146 6591
641 4278
4598 8768
2425 6103
5797 8896
263 8012
1537 7755
2071 4641
4657 6229
7088 7225
3401 5384
3729 4060